11
12
17
53
71
79
107
116
121
122
125
139
144
151
159
167
176
177
186
200
213
215
227
238
261
286
301
314
319
333
338
345
349
350
354
356
369
393
405
419
431
432
454
470
485
496
501
512
515
522
527
545
547
571
581
582
587
593
635
641
643
651
668
714
718
723
750
763
790
807
859
871
884
894
975
1018
1053
1060
1070
1078
1088
1089
1123
1132
1156
1164
1166
1170
1171
1198
1200
1249
1261
1264
1270
1283
1286
1287
1304
1317
1378
1381
1390
1408
1418
1422
1424
1427
1432
1446
1448
1454
1455
1473
1478
1497
1557
1578
1579
1581
1585
1631
1639
1687
1693
1745
1757
1763
1768
1790
1794
1799
1804
1814
1840
1856
1859
1880
1900
1922
1928
1934
1956
1958
1959
2018
2036
2041
2042
2055
2058
2087
2095
2101
2121
2139
2153
2155
2159
2176
2180
2198
2211
2214
2235
2253
2258
2260
2263
2271
2272
2288
2289
2291
2339
2350
2357
2370
2375
2377
2390
2400
2410
2413
2441
2449
2451
2452
2498
2502
2508
2532
2535
2540
2552
2565
2594
2600
2621
2635
2659
2663
2694
2711
2719
2721
2746
2747
2754
2767
2787
2812
2822
2840
2842
2847
2869
2882
2922
2937
2942
2957
2965
2967
2982
2996
2998
3042
3049
3071
3073
3093
3098
3209
3237
3244
3246
3247
3308
3369
3373
3395
3423
3478
3489
3515
3520
3528
3533
3538
3548
3561
3580
3584
3587
3604
3616
3635
3644
3651
3720
3721
3752
3756
3770
3786
3792
3799
3803
3833
3834
3838
3846
3855
3858
3869
3875
3913
3914
3920
3921
3935
3938
3948
3954
3963
3974
3986
4010
4012
4040
4048
4055
4074
4097
4098
4115
4122
4125
4196
4200
4213
4236
4282
4291
4339
4342
4343
4356
4373
4407
4408
4451
4468
4471
4494
4499
4524
4540
4570
4571
4584
4608
4620
4643
4654
4666
4667
4696
4711
4736
4750
4764
4770
4779
4794
4804
4824
4831
4834
4847
4886
4896
4902
4926
4927
4930
4995
5036
5045
5059
5083
5117
5120
5126
5130
5137
5143
5165
5172
5244
5246
5254
5258
5292
5328
5334
5338
5347
5368
5374
5375
5378
5394
5399
5411
5412
5414
5438
5443
5445
5452
5457
5466
5482
5484
5502
5531
5584
5586
5599
5617
5633
5637
5640
5646
5672
5678
5712
5719
5731
5752
5761
5778
5779
5784
5786
5795
5807
5834
5837
5854
5856
5857
5865
5871
5899
5904
5912
5918
5945
5947
5952
5982
6001
6024
6035
6090
6096
6111
6114
6147
6166
6204
6248
6262
6270
6273
6279
6288
6322
6350
6357
6365
6375
6377
6394
6398
6423
6425
6434
6445
6449
6453
6459
6465
6482
6487
6494
6500
6513
6522
6535
6541
6577
6589
6652
6666
6691
6695
6699
6703
6713
6730
6753
6764
6766
6769
6783
6795
6805
6817
6845
6852
6853
6864
6865
6876
6892
6938
6961
6964
6977
6987
7020
7021
7027
7034
7041
7045
7049
7057
7078
7095
7099
7103
7110
7113
7118
7130
7137
7170
7176
7191
7192
7196
7202
7221
7225
7238
7252
7261
7267
7276
7288
7294
7298
7309
7321
7328
7341
7364
7380
7388
7432
7450
7462
7463
7468
7469
7484
7498
7504
7528
7552
7581
7616
7628
7647
7680
7687
7704
7718
7727
7731
7736
7744
7748
7749
7783
7792
7810
7826
7831
7838
7840
7841
7863
7870
7878
7882
7898
7900
7902
7913
7944
7980
7981
8000
8007
8013
8021
8023
8032
8036
8037
8042
8055
8063
8070
8092
8097
8103
8131
8149
8181
8209
8214
8274
8308
8311
8320
8339
8371
8385
8448
8450
8451
8476
8533
8568
8571
8612
8617
8619
8627
8640
8648
8655
8702
8720
8738
8740
8750
8768
8791
8800
8808
8824
8831
8843
8874
8875
8905
8909
8921
8925
8926
8947
8957
8967
8974
9003
9008
9017
9024
9029
9031
9048
9079
9086
9091
9098
9108
9132
9148
9166
9187
9191
9208
9249
9251
9264
9292
9308
9309
9351
9365
9372
9373
9390
9440
9459
9462
9479
9482
9497
9543
9554
9581
9584
9589
9611
9616
9631
9640
9667
9685
9687
9691
9730
9745
9747
9758
9766
9782
9801
9812
9834
9844
9876
9880
9885
9896
9907
9930
9942
9958
9963
9982
10009
10016
10026
10042
10049
10051
10080
10101
10110
10143
10147
10148
10152
10214
10221
10246
10258
10282
10295
10303
10309
10321
10334
10338
10349
10390
10404
10430
10443
10452
10460
10489
10502
10514
10545
10548
10551
10562
10568
10606
10627
10642
10643
10660
10690
10707
10720
10732
10736
10754
10805
10810
10822
10846
10848
10850
10868
10871
10881
10908
10909
10917
10923
10927
10938
10956
10960
10974
10975
11020
11026
11047
11061
11066
11074
11084
11088
11090
11131
11142
11159
11181
11187
11196
11198
11202
11214
11221
11224
11226
11233
11260
11267
11274
11283
11285
11314
11325
11354
11355
11433
11439
11440
11446
11448
11458
11496
11511
11513
11532
11539
11552
11610
11622
11661
11662
11664
11674
11680
11686
11693
11694
11708
11722
11726
11743
11762
11767
11781
11791
11797
11819
11824
11838
11842
11844
11899
11912
11938
11955
11983
11994
12048
12052
12053
12063
12068
12092
12112
12128
12141
12144
12157
12175
12190
12216
12252
12264
12267
12279
12290
12291
12300
12306
12307
12322
12347
12384
12386
12387
12396
12416
12426
12446
12451
12481
12486
12488
12490
12500
12502
12511
12522
12540
12557
12562
12568
12571
12576
12583
12614
12617
12648
12675
12717
12723
12727
12730
12744
12757
12764
12774
12775
12782
12821
12830
12871
12877
12884
12896
12901
12908
12909
12925
12933
12942
12946
12947
12964
12968
12982
12990
12997
13008
13021
13033
13043
13046
13050
13065
13075
13079
13088
13090
13092
13093
13099
13107
13111
13113
13130
13137
13143
13171
13181
13207
13231
13245
13247
13254
13271
13281
13306
13318
13342
13350
13360
13361
13393
13396
13408
13415
13428
13431
13474
13479
13489
13530
13538
13547
13607
13609
13620
13655
13699
13702
13712
13722
13726
13766
13767
13769
13774
13783
13786
13816
13826
13830
13832
13851
13857
13869
13888
13894
13904
13907
13965
13973
13974
13998
14006
14065
14119
14158
14168
14170
14178
14179
14182
14187
14202
14215
14246
14255
14269
14275
14284
14286
14289
14315
14330
14339
14386
14406
14426
14436
14447
14463
14471
14475
14504
14513
14518
14562
14565
14593
14610
14616
14633
14634
14660
14687
14694
14702
14705
14710
14721
14732
14744
14748
14759
14788
14819
14836
14837
14845
14859
14901
14920
14930
14931
14933
14939
14941
14948
15004
15015
15028
15068
15078
15102
15123
15125
15141
15163
15186
15198
15206
15217
15238
15288
15318
15335
15371
15376
15381
15419
15426
15465
15476
15489
15500
15503
15511
15517
15518
15522
15536
15552
15553
15555
15561
15566
15592
15595
15626
15649
15663
15677
15679
15680
15700
15718
15730
15731
15772
15798
15809
15811
15823
15825
15842
15850
15863
15869
15905
15911
15914
15934
15964
15970
15971
16004
16017
16024
16036
16045
16050
16053
16055
16087
16115
16158
16208
16248
16291
16298
16317
16338
16346
16347
16351
16352
16353
16359
16384
16408
16438
16441
16448
16450
16479
16502
16509
16513
16515
16556
16563
16572
16574
16594
16596
16600
16627
16639
16656
16658
16669
16670
16682
16683
16689
16693
16702
16709
16724
16752
16772
16824
16838
16870
16891
16892
16907
16920
16922
16923
16956
16961
16966
16971
16973
16982
16995
16997
17016
17042
17072
17076
17108
17120
17172
17176
17181
17197
17201
17211
17214
17251
17258
17307
17313
17337
17354
17368
17369
17380
17384
17406
17407
17441
17452
17468
17481
17498
17503
17518
17551
17557
17560
17575
17580
17594
17600
17610
17614
17631
17634
17642
17648
17657
17690
17735
17744
17747
17763
17766
17783
17790
17791
17799
17812
17831
17832
17842
17855
17869
17890
17926
17940
17979
17981
17990
17996
18050
18091
18092
18100
18104
18117
18123
18131
18151
18164
18165
18177
18192
18195
18221
18255
18267
18283
18289
18301
18315
18333
18343
18357
18364
18376
18385
18411
18423
18425
18427
18432
18436
18463
18481
18511
18573
18617
18619
18676
18686
18692
18694
18700
18714
18715
18727
18744
18751
18754
18807
18817
18832
18835
18839
18841
18845
18850
18852
18867
18887
18898
18902
18913
18920
18924
18935
18959
18961
19026
19027
19029
19031
19053
19078
19090
19100
19126
19150
19165
19195
19207
19213
19222
19227
19228
19231
19238
19239
19247
19266
19267
19284
19333
19337
19348
19350
19357
19368
19374
19407
19410
19421
19425
19431
19437
19451
19457
19474
19505
19514
19518
19538
19539
19544
19547
19556
19564
19565
19571
19572
19587
19603
19623
19641
19672
19690
19705
19707
19708
19718
19723
19730
19737
19744
19753
19775
19831
19862
19872
19885
19894
19905
19984
19987
19993
20003
20004
20014
20022
20034
20037
20063
20064
20068
20069
20084
20091
20095
20108
20116
20124
20137
20142
20144
20157
20174
20176
20177
20188
20224
20229
20265
20274
20277
20281
20304
20339
20369
20383
20398
20411
20427
20457
20488
20503
20504
20508
20510
20512
20531
20539
20568
20581
20589
20590
20595
20601
20603
20628
20633
20641
20642
20661
20662
20668
20670
20675
20677
20690
20713
20718
20720
20729
20731
20744
20750
20772
20781
20785
20803
20830
20870
20886
20888
20889
20900
20909
20941
20954
20972
20976
20993
21019
21039
21054
21055
21062
21078
21090
21100
21107
21120
21123
21139
21200
21203
21204
21223
21226
21230
21248
21253
21281
21285
21307
21367
21369
21394
21399
21406
21419
21422
21423
21445
21448
21508
21529
21532
21546
21558
21578
21645
21648
21662
21681
21685
21687
21692
21703
21715
21719
21730
21740
21749
21837
21838
21844
21845
21849
21851
21855
21876
21884
21895
21908
21950
21997
22004
22017
22020
22024
22030
22034
22053
22058
22061
22070
22073
22074
22079
22105
22116
22134
22141
22142
22143
22153
22178
22198
22218
22233
22234
22299
22320
22326
22336
22361
22410
22433
22434
22440
22441
22445
22469
22470
22482
22488
22491
22493
22505
22548
22569
22589
22592
22595
22603
22625
22647
22660
22668
22685
22703
22713
22718
22774
22781
22791
22792
22800
22829
22869
22907
22964
22968
22996
23001
23007
23016
23042
23046
23048
23110
23135
23138
23150
23156
23179
23189
23194
23197
23211
23244
23304
23308
23327
23338
23341
23343
23352
23375
23385
23419
23435
23445
23460
23465
23497
23538
23579
23581
23591
23637
23638
23707
23723
23742
23753
23755
23758
23768
23774
23800
23811
23818
23826
23872
23878
23887
23895
23899
23901
23904
23929
23953
23962
23976
24001
24013
24030
24032
24045
24058
24082
24107
24116
24138
24143
24154
24156
24159
24199
24210
24218
24240
24248
24275
24283
24298
24315
24317
24322
24326
24344
24371
24380
24384
24404
24406
24434
24442
24476
24483
24489
24490
24496
24507
24513
24515
24523
24553
24554
24575
24577
24581
24599
24619
24646
24649
24658
24667
24689
24690
24697
24714
24727
24746
24772
24781
24794
24795
24802
24807
24856
24857
24875
24878
24887
24921
24984
25005
25016
25022
25032
25039
25040
25043
25057
25068
25088
25093
25103
25107
25112
25119
25143
25155
25157
25188
25223
25224
25236
25278
25280
25292
25300
25320
25378
25460
25476
25482
25491
25493
25495
25504
25529
25544
25587
25588
25595
25602
25603
25616
25647
25660
25666
25677
25679
25686
25701
25706
25762
25777
25792
25793
25798
25799
25803
25842
25856
25861
25887
25888
25896
25909
25912
25932
25946
25948
25954
25956
25960
25976
25981
25987
25989
25995
26021
26035
26123
26154
26164
26168
26214
26243
26252
26254
26272
26276
26288
26293
26312
26324
26327
26331
26334
26344
26407
26418
26443
26452
26455
26461
26474
26484
26498
26512
26519
26528
26529
26538
26548
26565
26577
26581
26590
26594
26610
26632
26643
26645
26647
26652
26655
26668
26674
26683
26692
26694
26722
26724
26745
26746
26763
26773
26775
26782
26802
26849
26857
26860
26862
26883
26893
26898
26912
26957
26962
27002
27013
27022
27072
27076
27080
27082
27094
27098
27106
27109
27122
27125
27127
27135
27145
27160
27163
27178
27191
27232
27233
27242
27248
27299
27304
27314
27331
27333
27341
27350
27356
27357
27359
27361
27387
27396
27462
27464
27485
27491
27501
27503
27521
27528
27542
27552
27558
27562
27566
27568
27613
27620
27625
27627
27673
27676
27690
27708
27717
27724
27744
27754
27774
27789
27821
27830
27848
27850
27859
27861
27868
27885
27895
27897
27906
27946
28022
28042
28048
28066
28080
28089
28104
28107
28110
28129
28135
28140
28141
28151
28169
28180
28222
28223
28233
28240
28265
28277
28279
28296
28307
28316
28317
28325
28330
28340
28342
28343
28418
28429
28439
28450
28461
28462
28488
28496
28504
28512
28513
28515
28525
28550
28559
28582
28586
28612
28652
28656
28698
28706
28714
28729
28730
28750
28765
28774
28781
28819
28821
28837
28858
28859
28876
28918
28920
28926
28939
28944
28948
28975
28983
28986
28987
28999
29013
29014
29016
29017
29031
29034
29048
29065
29074
29100
29105
29177
29190
29205
29224
29240
29259
29266
29283
29313
29348
29353
29385
29397
29455
29489
29499
29532
29533
29557
29568
29570
29572
29575
29588
29589
29602
29607
29627
29631
29636
29640
29641
29657
29699
29709
29722
29731
29737
29752
29757
29758
29762
29795
29802
29819
29827
29835
29840
29866
29889
29891
29912
29984
30002
30009
30022
30030
30033
30074
30094
30095
30114
30115
30116
30118
30126
30140
30155
30173
30175
30208
30235
30271
30339
30344
30349
30367
30398
30407
30408
30436
30437
30448
30453
30485
30490
30520
30521
30524
30546
30552
30553
30568
30570
30595
30600
30611
30625
30656
30678
30687
30696
30762
30776
30793
30801
30803
30805
30810
30815
30837
30855
30861
30863
30873
30874
30896
30921
30925
30942
30947
30961
30995
31024
31032
31055
31058
31074
31075
31082
31092
31142
31156
31202
31215
31243
31252
31257
31265
31311
31332
31369
31396
31402
31416
31419
31432
31454
31462
31509
31527
31528
31538
31550
31558
31561
31569
31597
31606
31622
31672
31693
31695
31701
31707
31717
31719
31720
31746
31753
31755
31757
31763
31779
31781
31784
31785
31791
31793
31794
31809
31816
31832
31843
31858
31874
31879
31886
31891
31897
31921
31927
31930
31963
31965
31966
31971
31988
32005
32012
32013
32014
32022
32029
32034
32043
32055
32071
32083
32126
32127
32178
32185
32191
32199
32206
32213
32217
32239
32249
32250
32256
32259
32281
32322
32339
32350
32378
32412
32444
32445
32455
32457
32459
32460
32474
32482
32499
32513
32515
32524
32529
32535
32539
32542
32592
32604
32608
32609
32612
32616
32618
32654
32684
32717
32735
32752
32756
32764
32799
32831
32843
32846
32852
32858
32868
32884
32888
32901
32941
32943
32946
32958
32973
32979
32983
32996
33003
33013
33019
33020
33046
33058
33076
33147
33189
33191
33192
33208
33238
33255
33262
33281
33283
33308
33311
33314
33324
33345
33352
33373
33377
33382
33385
33388
33392
33402
33404
33418
33425
33433
33466
33467
33488
33494
33501
33506
33528
33529
33567
33570
33596
33621
33651
33667
33673
33678
33683
33701
33763
33772
33777
33785
33805
33821
33853
33861
33867
33882
33899
33956
33967
33970
33971
33990
33993
34025
34034
34036
34043
34054
34056
34083
34102
34131
34157
34177
34193
34194
34212
34221
34225
34226
34237
34238
34269
34287
34292
34295
34305
34317
34319
34333
34345
34351
34361
34372
34403
34408
34422
34423
34425
34428
34439
34449
34466
34488
34497
34502
34506
34519
34525
34536
34561
34605
34633
34664
34679
34720
34727
34732
34755
34759
34772
34778
34784
34788
34817
34822
34831
34833
34837
34849
34856
34881
34891
34911
34917
34921
34959
34967
34969
34973
34989
35013
35048
35069
35071
35082
35097
35113
35151
35169
35195
35228
35231
35236
35245
35262
35278
35302
35329
35336
35345
35352
35359
35364
35372
35375
35391
35411
35432
35437
35461
35471
35477
35481
35492
35496
35505
35543
35556
35575
35608
35627
35629
35646
35678
35681
35687
35719
35726
35736
35737
35738
35745
35750
35754
35763
35778
35790
35791
35797
35811
35814
35843
35846
35849
35850
35874
35878
35904
35906
35909
35920
35936
35939
35947
36011
36012
36043
36047
36055
36062
36092
36094
36098
36116
36144
36149
36190
36237
36287
36314
36327
36337
36342
36356
36357
36389
36420
36432
36435
36436
36439
36475
36483
36484
36503
36505
36507
36524
36527
36529
36533
36540
36542
36554
36555
36561
36562
36575
36579
36581
36585
36636
36639
36646
36647
36649
36655
36662
36674
36676
36678
36685
36689
36700
36713
36721
36736
36744
36750
36761
36772
36815
36834
36840
36842
36851
36852
36866
36873
36883
36892
36894
36919
36941
36956
36964
36980
36991
37012
37016
37084
37118
37120
37130
37143
37146
37175
37263
37286
37291
37300
37303
37333
37336
37349
37391
37398
37421
37430
37477
37491
37516
37518
37526
37535
37579
37584
37611
37682
37696
37762
37781
37813
37847
37850
37858
37862
37865
37886
37890
37893
37935
37938
37964
37966
37974
37988
37996
38000
38006
38015
38046
38087
38116
38121
38136
38143
38165
38173
38186
38188
38190
38263
38271
38286
38290
38296
38315
38317
38335
38348
38354
38391
38428
38448
38454
38458
38459
38480
38490
38498
38526
38562
38567
38570
38574
38581
38592
38629
38647
38653
38676
38678
38689
38693
38706
38708
38713
38733
38774
38775
38829
38832
38866
38884
38912
38915
38928
38929
38934
38940
38951
38971
38986
38988
38992
39010
39036
39042
39044
39051
39055
39058
39068
39131
39135
39164
39174
39180
39182
39188
39189
39201
39223
39251
39257
39269
39290
39295
39296
39310
39314
39341
39343
39344
39348
39382
39396
39406
39417
39421
39453
39471
39499
39508
39515
39520
39543
39596
39658
39674
39702
39714
39723
39728
39729
39734
39735
39745
39752
39759
39762
39788
39790
39795
39824
39828
39829
39835
39842
39851
39912
39929
39936
39968
39970
39993
40004
40014
40018
40023
40040
40048
40117
40119
40171
40206
40207
40214
40217
40245
40265
40272
40287
40314
40332
40334
40343
40356
40357
40379
40394
40412
40425
40430
40438
40440
40441
40452
40465
40485
40489
40490
40492
40501
40505
40509
40514
40517
40525
40532
40547
40553
40558
40560
40570
40571
40606
40611
40642
40673
40675
40678
40680
40693
40721
40722
40723
40734
40753
40776
40784
40787
40811
40812
40829
40865
40881
40884
40943
40947
40985
40997
41004
41016
41022
41023
41031
41037
41055
41067
41080
41082
41085
41108
41131
41154
41156
41171
41188
41196
41204
41205
41233
41234
41244
41259
41278
41287
41288
41299
41319
41347
41389
41418
41426
41444
41445
41463
41502
41516
41527
41528
41542
41577
41605
41618
41621
41631
41641
41647
41648
41652
41678
41698
41708
41710
41731
41740
41765
41775
41783
41788
41810
41814
41823
41861
41872
41918
41933
41957
41990
42008
42025
42031
42038
42040
42058
42062
42070
42156
42158
42160
42199
42212
42223
42246
42261
42268
42270
42302
42310
42322
42329
42354
42365
42375
42377
42382
42392
42404
42421
42435
42459
42462
42476
42508
42519
42547
42564
42575
42599
42604
42606
42624
42631
42649
42654
42673
42674
42692
42693
42705
42722
42726
42733
42746
42748
42758
42761
42764
42780
42783
42791
42803
42804
42806
42817
42834
42857
42862
42866
42914
42917
42947
42965
42973
42980
43001
43021
43022
43034
43039
43045
43047
43093
43097
43099
43102
43104
43128
43142
43149
43156
43163
43179
43186
43206
43213
43215
43225
43232
43235
43251
43270
43274
43277
43278
43292
43301
43307
43314
43323
43325
43331
43337
43365
43369
43371
43373
43384
43390
43392
43409
43420
43431
43447
43466
43475
43488
43518
43532
43547
43574
43583
43615
43655
43661
43695
43704
43711
43718
43757
43782
43812
43821
43831
43848
43859
43860
43873
43881
43917
43963
43966
43991
43997
44006
44047
44055
44062
44095
44109
44113
44127
44155
44164
44165
44167
44189
44191
44229
44236
44242
44275
44279
44328
44338
44362
44367
44391
44406
44439
44464
44469
44482
44483
44500
44505
44506
44563
44598
44620
44633
44654
44658
44672
44689
44692
44695
44705
44713
44735
44784
44790
44791
44814
44847
44866
44897
44902
44917
44923
44927
44940
44942
44948
44974
44978
44983
44999
45002
45008
45018
45050
45060
45064
45074
45076
45113
45117
45123
45144
45145
45154
45161
45165
45181
45183
45192
45196
45225
45252
45317
45331
45333
45356
45368
45390
45407
45423
45464
45470
45496
45510
45523
45537
45542
45546
45567
45572
45587
45617
45621
45650
45652
45671
45673
45677
45680
45695
45746
45762
45764
45771
45772
45778
45782
45791
45800
45813
45819
45831
45842
45868
45883
45910
45915
45976
45977
45991
45992
45999
46012
46014
46042
46050
46084
46089
46094
46095
46101
46114
46126
46129
46131
46162
46163
46202
46281
46287
46295
46312
46317
46322
46345
46347
46352
46362
46403
46448
46470
46477
46491
46493
46500
46507
46520
46561
46564
46620
46634
46645
46666
46681
46722
46735
46737
46782
46791
46798
46801
46847
46882
46895
46907
46947
46957
47014
47018
47035
47040
47042
47047
47091
47097
47122
47135
47139
47140
47169
47173
47174
47179
47211
47227
47228
47231
47241
47247
47317
47342
47381
47384
47404
47428
47434
47453
47457
47459
47465
47466
47510
47520
47533
47534
47543
47553
47559
47562
47585
47612
47629
47638
47664
47667
47715
47735
47744
47765
47770
47786
47788
47810
47845
47848
47852
47863
47866
47868
47884
47888
47897
47902
47926
47934
47948
47961
47970
47978
47987
48002
48004
48030
48031
48033
48058
48059
48071
48072
48073
48098
48102
48106
48119
48143
48160
48175
48196
48199
48209
48212
48271
48274
48279
48282
48292
48294
48298
48307
48308
48323
48325
48329
48342
48358
48376
48391
48399
48401
48411
48437
48453
48478
48499
48519
48521
48531
48562
48563
48642
48652
48677
48735
48758
48788
48794
48797
48812
48814
48816
48820
48831
48832
48834
48837
48845
48863
48865
48874
48904
48907
48910
48925
48927
48931
48985
49025
49034
49056
49088
49090
49104
49107
49108
49117
49119
49129
49131
49164
49168
49191
49192
49205
49207
49209
49218
49224
49230
49232
49246
49249
49318
49325
49340
49351
49392
49393
49397
49428
49434
49441
49443
49450
49464
49474
49481
49516
49542
49558
49571
49580
49634
49640
49650
49670
49674
49685
49703
49760
49790
49806
49807
49814
49837
49849
49851
49871
49872
49875
49877
49898
49914
49919
49929
49933
49947
49954
49955
49956
49964
49965
49985
50002
50036
50038
50045
50060
50066
50070
50074
50079
50100
50103
50164
50198
50200
50206
50208
50213
50240
50260
50261
50263
50272
50280
50286
50295
50297
50300
50311
50345
50348
50349
50369
50385
50388
50396
50401
50402
50406
50414
50445
50466
50490
50497
50501
50512
50545
50561
50565
50581
50610
50619
50623
50627
50634
50653
50654
50663
50681
50694
50700
50703
50767
50777
50800
50807
50809
50817
50833
50847
50851
50856
50865
50866
50869
50875
50881
50888
50911
50921
50927
50947
50956
50964
50977
50999
51000
51009
51010
51031
51044
51048
51053
51056
51100
51114
51180
51206
51209
51234
51263
51280
51286
51308
51341
51350
51363
51372
51375
51376
51401
51405
51409
51412
51415
51420
51432
51446
51468
51473
51480
51483
51506
51525
51535
51542
51554
51559
51569
51574
51579
51610
51619
51626
51642
51660
51679
51686
51712
51736
51742
51754
51771
51783
51801
51826
51830
51831
51832
51839
51865
51995
52001
52011
52012
52044
52048
52050
52054
52062
52066
52078
52152
52156
52179
52195
52218
52225
52264
52270
52277
52278
52290
52306
52317
52325
52333
52344
52427
52464
52480
52484
52501
52515
52551
52556
52561
52577
52600
52608
52609
52615
52618
52629
52630
52638
52651
52672
52728
52730
52738
52742
52761
52764
52765
52769
52789
52798
52805
52825
52829
52848
52870
52907
52912
52914
52927
52953
52956
52959
52965
52971
52977
52988
52992
52993
53022
53032
53039
53094
53103
53111
53113
53120
53131
53132
53146
53148
53164
53171
53173
53188
53211
53213
53222
53243
53247
53272
53283
53290
53294
53304
53344
53402
53409
53410
53430
53437
53444
53523
53524
53535
53567
53583
53586
53624
53635
53646
53664
53667
53689
53713
53734
53756
53781
53786
53806
53813
53842
53846
53867
53882
53885
53906
53909
53912
53953
53958
53970
53971
53992
54003
54057
54060
54073
54090
54092
54097
54116
54117
54140
54141
54153
54159
54193
54201
54203
54213
54215
54226
54258
54268
54276
54286
54292
54300
54311
54316
54320
54324
54361
54381
54387
54399
54411
54412
54438
54441
54456
54494
54512
54530
54532
54540
54545
54561
54564
54577
54599
54627
54662
54681
54690
54695
54696
54699
54718
54744
54755
54756
54767
54768
54773
54786
54804
54805
54808
54810
54812
54821
54831
54839
54843
54847
54850
54852
54855
54864
54877
54902
54919
54930
54939
54941
54945
54956
54965
54971
54985
55013
55014
55057
55064
55071
55080
55099
55115
55133
55144
55146
55154
55165
55187
55205
55206
55247
55261
55271
55314
55327
55330
55332
55340
55347
55356
55370
55373
55375
55380
55399
55418
55427
55453
55480
55484
55493
55495
55544
55584
55588
55590
55593
55598
55605
55624
55642
55646
55655
55661
55682
55685
55686
55694
55709
55717
55720
55731
55738
55760
55762
55778
55786
55796
55799
55835
55855
55857
55910
55911
55913
55922
55928
55943
55952
55968
55972
56006
56015
56054
56085
56109
56123
56197
56201
56232
56247
56309
56321
56342
56355
56370
56376
56379
56407
56412
56418
56430
56431
56449
56450
56453
56456
56476
56493
56498
56500
56514
56516
56528
56529
56539
56544
56550
56552
56559
56606
56608
56621
56632
56645
56651
56657
56659
56673
56675
56716
56730
56731
56733
56768
56777
56785
56790
56832
56848
56861
56881
56907
56912
56916
56934
56940
56947
56963
56980
56988
57015
57029
57044
57047
57073
57085
57090
57093
57097
57100
57103
57127
57130
57133
57146
57152
57160
57171
57177
57178
57189
57213
57214
57226
57235
57249
57261
57286
57306
57323
57350
57352
57359
57380
57396
57403
57405
57409
57412
57417
57430
57442
57459
57494
57497
57502
57510
57512
57523
57531
57551
57564
57581
57583
57607
57658
57673
57677
57686
57697
57711
57724
57744
57750
57757
57799
57822
57823
57842
57851
57853
57860
57887
57917
57932
57941
57945
57953
57955
57990
57995
58014
58017
58037
58045
58068
58081
58086
58113
58115
58127
58134
58146
58148
58167
58176
58186
58194
58209
58213
58220
58263
58265
58274
58275
58276
58281
58289
58290
58303
58314
58320
58346
58357
58370
58382
58416
58433
58441
58446
58461
58482
58490
58498
58511
58523
58525
58531
58533
58556
58565
58566
58568
58572
58595
58639
58666
58668
58672
58709
58720
58746
58752
58758
58764
58781
58823
58845
58853
58859
58880
58892
58901
58909
58912
58926
58929
58953
58962
58968
58970
58983
59010
59044
59090
59093
59095
59105
59116
59120
59142
59167
59199
59207
59220
59230
59231
59234
59251
59252
59260
59266
59279
59295
59297
59302
59307
59313
59319
59358
59365
59366
59389
59406
59418
59422
59434
59446
59450
59464
59471
59479
59481
59500
59509
59510
59537
59551
59571
59579
59589
59594
59606
59630
59648
59684
59686
59697
59728
59764
59768
59787
59819
59824
59849
59871
59918
59931
59949
59956
59959
59975
59980
60013
60014
60030
60065
60092
60108
60109
60122
60142
60159
60171
60203
60237
60247
60256
60257
60285
60326
60337
60341
60343
60366
60385
60398
60411
60435
60453
60509
60545
60568
60579
60583
60585
60586
60601
60632
60637
60669
60684
60693
60716
60785
60796
60837
60848
60861
60889
60899
60901
60908
60939
60944
60949
60996
61002
61003
61005
61008
61018
61024
61026
61042
61046
61052
61073
61075
61094
61129
61134
61136
61140
61147
61149
61151
61167
61200
61208
61219
61225
61235
61240
61243
61248
61249
61269
61297
61307
61327
61347
61371
61385
61396
61400
61406
61426
61476
61509
61514
61533
61535
61545
61554
61646
61651
61663
61673
61680
61688
61744
61769
61783
61831
61849
61867
61878
61881
61900
61910
61954
61969
61990
61997
62006
62011
62014
62019
62036
62042
62072
62074
62112
62113
62118
62121
62135
62144
62154
62155
62158
62181
62192
62200
62210
62221
62244
62248
62258
62271
62273
62278
62293
62297
62365
62369
62371
62378
62388
62408
62411
62422
62438
62440
62460
62491
62496
62528
62550
62593
62609
62656
62671
62675
62711
62719
62765
62776
62780
62785
62803
62813
62828
62836
62853
62875
62876
62886
62894
62899
62905
62920
62955
62960
62962
62970
63005
63011
63026
63031
63034
63044
63071
63088
63093
63109
63122
63131
63153
63158
63169
63182
63192
63211
63234
63239
63243
63258
63296
63298
63301
63306
63316
63331
63335
63336
63339
63366
63378
63394
63404
63418
63421
63424
63442
63464
63525
63535
63544
63546
63578
63589
63592
63593
63600
63643
63654
63663
63698
63703
63719
63729
63736
63768
63779
63793
63796
63812
63813
63824
63838
63849
63853
63856
63877
63885
63898
63903
63921
63925
63947
63956
63958
63960
63961
63988
63995
64014
64020
64022
64033
64037
64040
64062
64065
64067
64111
64160
64165
64171
64194
64196
64237
64244
64247
64255
64269
64272
64278
64301
64342
64354
64356
64381
64389
64394
64400
64452
64456
64462
64464
64477
64488
64492
64501
64505
64512
64523
64536
64547
64552
64553
64590
64607
64623
64624
64660
64673
64674
64694
64703
64715
64724
64729
64730
64745
64749
64756
64757
64763
64827
64843
64849
64853
64855
64866
64871
64898
64908
64926
64948
64950
64963
65000
65002
65045
65054
65067
65089
65093
65123
65127
65131
65150
65154
65158
65175
65178
65184
65202
65222
65249
65257
65262
65278
65290
65295
65323
65327
65354
65384
65397
65406
65456
65459
65497
65520
65543
65550
65552
65594
65596
65607
65634
65660
65671
65678
65692
65702
65716
65722
65723
65732
65770
65792
65800
65833
65838
65842
65850
65891
65914
65915
65929
65938
65949
65950
65970
65977
65986
66018
66084
66096
66102
66116
66124
66153
66169
66177
66199
66208
66235
66241
66258
66261
66262
66267
66284
66297
66308
66311
66318
66350
66354
66371
66372
66378
66379
66384
66388
66398
66437
66454
66468
66488
66491
66509
66578
66580
66604
66618
66626
66629
66638
66655
66661
66668
66680
66691
66761
66773
66776
66777
66789
66797
66802
66835
66848
66850
66852
66854
66886
66905
66914
66927
66930
66932
66934
67008
67024
67027
67029
67038
67049
67057
67059
67063
67110
67122
67165
67184
67188
67201
67214
67219
67230
67231
67239
67240
67249
67251
67282
67285
67295
67298
67304
67311
67316
67325
67362
67375
67384
67415
67427
67450
67463
67485
67496
67516
67527
67556
67566
67568
67596
67600
67601
67633
67654
67670
67694
67699
67702
67705
67725
67727
67729
67730
67733
67736
67741
67755
67771
67778
67791
67793
67798
67833
67840
67846
67854
67865
67867
67873
67878
67895
67915
67917
67954
67971
67972
68002
68018
68078
68087
68088
68108
68129
68133
68179
68190
68200
68202
68205
68207
68214
68216
68220
68233
68263
68286
68312
68321
68325
68329
68337
68368
68373
68381
68402
68410
68415
68422
68458
68465
68470
68471
68528
68538
68544
68547
68641
68643
68654
68662
68667
68700
68723
68724
68727
68743
68747
68753
68806
68808
68823
68836
68838
68859
68872
68892
68907
68910
68936
68937
68944
68951
68956
68960
68987
68992
69008
69016
69037
69042
69053
69061
69066
69095
69114
69121
69130
69133
69152
69153
69234
69254
69265
69266
69288
69291
69292
69303
69306
69325
69332
69333
69363
69383
69386
69391
69392
69408
69411
69415
69418
69456
69467
69479
69496
69538
69561
69589
69607
69610
69649
69667
69677
69709
69754
69755
69757
69765
69778
69817
69819
69822
69839
69846
69867
69881
69894
69929
69937
69949
69969
69972
69987
70005
70008
70016
70024
70041
70057
70061
70067
70074
70110
70151
70152
70191
70222
70223
70229
70246
70265
70267
70296
70297
70298
70302
70317
70337
70344
70398
70422
70433
70441
70455
70468
70469
70481
70510
70540
70541
70545
70546
70560
70574
70575
70578
70616
70625
70626
70629
70635
70646
70661
70687
70694
70698
70705
70742
70751
70754
70777
70794
70795
70798
70807
70810
70845
70853
70867
70873
70888
70909
70923
70940
70966
70976
70990
71007
71011
71012
71031
71036
71045
71062
71065
71068
71079
71121
71124
71152
71155
71210
71225
71228
71232
71234
71235
71247
71279
71299
71306
71317
71330
71351
71433
71444
71449
71450
71452
71469
71488
71503
71510
71518
71524
71531
71539
71548
71568
71572
71590
71605
71610
71616
71624
71646
71670
71684
71702
71708
71716
71721
71723
71727
71759
71763
71769
71771
71779
71784
71794
71842
71858
71901
71906
71927
71931
71952
71959
71967
72011
72019
72029
72030
72034
72062
72063
72073
72078
72095
72096
72145
72169
72179
72183
72193
72229
72255
72256
72274
72302
72320
72335
72342
72344
72383
72437
72449
72459
72465
72482
72512
72519
72525
72532
72546
72547
72585
72590
72597
72605
72657
72659
72679
72695
72696
72722
72726
72728
72746
72765
72769
72789
72793
72807
72837
72845
72846
72849
72854
72889
72917
72920
72927
72928
72933
72940
72950
72954
72960
72965
72977
73001
73032
73038
73050
73055
73077
73101
73108
73125
73130
73132
73144
73184
73198
73252
73293
73301
73303
73307
73314
73335
73343
73364
73372
73384
73406
73411
73427
73435
73439
73461
73471
73481
73511
73537
73547
73549
73552
73569
73589
73592
73609
73613
73636
73639
73640
73646
73654
73657
73723
73734
73747
73749
73758
73775
73794
73813
73825
73828
73861
73880
73885
73892
73900
73901
73904
73918
74019
74021
74029
74044
74047
74061
74067
74074
74081
74083
74097
74101
74136
74140
74154
74159
74160
74211
74230
74255
74268
74273
74276
74296
74317
74324
74343
74346
74351
74387
74388
74397
74426
74454
74466
74497
74511
74517
74540
74546
74570
74582
74597
74613
74680
74687
74689
74706
74787
74801
74807
74809
74817
74832
74851
74870
74888
74901
74909
74912
74923
74928
74942
74949
74959
74994
75027
75061
75064
75088
75137
75148
75155
75168
75186
75199
75217
75227
75253
75266
75270
75275
75278
75310
75355
75364
75366
75367
75377
75384
75431
75446
75497
75530
75535
75556
75565
75580
75588
75589
75629
75634
75637
75662
75673
75739
75754
75766
75773
75784
75804
75812
75834
75837
75838
75844
75853
75857
75859
75880
75887
75894
75895
75917
75928
75936
75937
75951
75963
75982
76000
76003
76040
76051
76057
76066
76084
76087
76117
76118
76148
76150
76156
76157
76161
76184
76202
76207
76214
76224
76254
76266
76284
76287
76292
76308
76309
76317
76318
76324
76326
76347
76350
76358
76367
76411
76435
76461
76468
76487
76489
76564
76576
76616
76621
76624
76627
76630
76655
76659
76663
76687
76693
76698
76711
76720
76726
76748
76761
76771
76813
76816
76844
76865
76867
76870
76925
76935
76962
76987
76988
76990
77034
77038
77046
77049
77073
77117
77127
77137
77164
77179
77182
77188
77232
77237
77293
77294
77301
77304
77331
77345
77346
77361
77366
77372
77381
77401
77405
77445
77455
77530
77595
77602
77615
77616
77617
77618
77642
77643
77654
77657
77671
77676
77687
77689
77696
77721
77724
77728
77730
77737
77739
77744
77769
77772
77783
77785
77800
77804
77807
77812
77829
77836
77846
77847
77907
77934
77962
77963
77968
77976
77989
78004
78005
78015
78029
78068
78078
78096
78099
78116
78122
78139
78173
78178
78188
78216
78233
78252
78257
78272
78274
78284
78290
78303
78321
78324
78338
78341
78347
78348
78350
78406
78407
78422
78423
78468
78483
78492
78507
78545
78553
78569
78582
78609
78622
78651
78657
78660
78695
78701
78704
78707
78755
78768
78772
78811
78817
78826
78827
78831
78850
78859
78862
78863
78877
78896
78903
78929
78942
78951
78966
78968
78973
78993
79000
79007
79041
79042
79057
79063
79072
79073
79112
79116
79139
79203
79207
79216
79221
79224
79249
79257
79296
79348
79350
79369
79413
79421
79435
79441
79443
79448
79470
79490
79508
79519
79526
79535
79544
79548
79558
79559
79565
79580
79586
79592
79604
79614
79630
79645
79687
79695
79700
79701
79725
79727
79732
79738
79743
79768
79770
79782
79784
79811
79821
79843
79851
79877
79891
79894
79926
79931
79944
79958
79977
79990
80013
80022
80029
80049
80062
80091
80136
80144
80152
80162
80176
80233
80236
80237
80250
80269
80278
80303
80304
80307
80310
80315
80329
80330
80343
80348
80355
80378
80381
80474
80499
80511
80520
80521
80531
80539
80551
80552
80557
80580
80591
80596
80612
80635
80639
80640
80659
80667
80692
80702
80707
80718
80764
80771
80773
80800
80817
80827
80835
80850
80852
80857
80863
80866
80897
80905
80906
80917
80925
80930
80932
80941
80946
80960
81007
81042
81059
81072
81085
81126
81130
81143
81156
81171
81184
81189
81223
81259
81260
81269
81279
81325
81341
81360
81367
81377
81388
81400
81406
81416
81419
81435
81438
81448
81461
81501
81505
81514
81520
81559
81560
81568
81583
81608
81662
81693
81700
81725
81730
81733
81745
81749
81751
81770
81784
81785
81799
81800
81805
81806
81821
81849
81864
81876
81878
81880
81883
81885
81892
81901
81913
81918
81929
81930
81932
81939
81948
81960
81976
81979
82013
82030
82034
82060
82066
82070
82095
82115
82117
82121
82126
82138
82139
82143
82157
82160
82165
82177
82178
82185
82226
82244
82273
82285
82312
82339
82344
82351
82363
82389
82400
82404
82433
82443
82456
82458
82463
82464
82480
82486
82491
82494
82538
82539
82547
82551
82608
82650
82653
82665
82679
82709
82711
82731
82736
82777
82792
82802
82819
82826
82827
82842
82859
82861
82871
82885
82886
82896
82900
82959
82963
82967
82972
82982
82987
83003
83014
83021
83024
83047
83065
83074
83075
83079
83093
83095
83099
83102
83110
83112
83116
83119
83145
83151
83153
83165
83197
83206
83244
83252
83254
83260
83261
83269
83289
83292
83300
83305
83313
83317
83319
83348
83349
83372
83383
83394
83421
83450
83457
83458
83462
83469
83473
83504
83510
83554
83580
83591
83606
83616
83627
83644
83647
83656
83661
83664
83683
83689
83703
83714
83720
83729
83757
83762
83777
83780
83790
83795
83811
83852
83858
83864
83875
83888
83891
83907
83915
83921
83922
83934
83959
83968
83983
83994
84000
84003
84009
84051
84062
84066
84069
84071
84105
84146
84158
84160
84169
84171
84174
84178
84193
84196
84201
84209
84210
84228
84234
84240
84243
84264
84299
84334
84340
84353
84374
84375
84425
84435
84437
84451
84486
84502
84509
84519
84527
84532
84592
84611
84618
84638
84660
84668
84670
84676
84699
84711
84713
84748
84749
84754
84756
84760
84781
84790
84800
84810
84817
84834
84849
84864
84882
84885
84903
84933
84936
84964
84971
84990
85016
85027
85029
85043
85059
85060
85078
85094
85127
85161
85174
85179
85197
85230
85249
85256
85316
85330
85338
85346
85380
85388
85396
85400
85419
85425
85451
85469
85478
85485
85513
85536
85538
85564
85577
85607
85610
85643
85654
85656
85688
85695
85707
85731
85754
85762
85774
85786
85787
85807
85813
85822
85852
85854
85866
85876
85947
85961
85970
85987
85992
86010
86029
86046
86047
86054
86069
86073
86113
86121
86155
86160
86170
86182
86197
86210
86247
86249
86257
86273
86283
86292
86302
86311
86323
86345
86369
86373
86382
86409
86413
86423
86424
86491
86519
86529
86555
86561
86570
86597
86609
86618
86636
86643
86683
86693
86696
86699
86700
86705
86728
86730
86734
86744
86757
86760
86762
86794
86812
86822
86827
86841
86846
86882
86899
86904
86918
86919
86957
87009
87023
87026
87046
87056
87094
87112
87117
87129
87146
87148
87149
87156
87172
87184
87192
87194
87202
87204
87216
87247
87249
87256
87264
87265
87266
87282
87287
87290
87296
87310
87335
87381
87406
87425
87431
87438
87441
87461
87471
87485
87492
87521
87555
87565
87576
87578
87590
87592
87613
87643
87649
87654
87656
87666
87672
87680
87682
87703
87706
87716
87729
87744
87750
87754
87756
87757
87759
87808
87814
87816
87818
87820
87832
87834
87849
87855
87860
87862
87876
87911
87937
87955
87964
87989
87990
88006
88030
88032
88036
88040
88047
88049
88055
88059
88061
88075
88124
88163
88165
88169
88190
88203
88233
88238
88264
88275
88299
88312
88316
88321
88327
88334
88340
88342
88347
88354
88365
88391
88407
88416
88424
88463
88482
88488
88502
88521
88528
88544
88562
88570
88582
88602
88613
88621
88625
88637
88646
88672
88703
88705
88708
88717
88759
88776
88799
88801
88823
88829
88831
88851
88871
88872
88878
88879
88909
88914
88915
88916
88921
88955
88974
89007
89022
89030
89041
89116
89118
89124
89127
89133
89140
89144
89188
89203
89216
89237
89268
89320
89337
89387
89391
89408
89426
89429
89453
89468
89480
89484
89485
89501
89502
89515
89519
89539
89542
89597
89599
89607
89611
89627
89629
89636
89654
89656
89672
89673
89682
89689
89709
89728
89735
89755
89799
89805
89808
89831
89873
89894
89905
89909
89960
89975
89978
90005
90030
90031
90066
90102
90136
90148
90157
90168
90174
90203
90233
90236
90238
90265
90267
90273
90281
90305
90313
90315
90335
90356
90360
90363
90407
90424
90425
90426
90435
90443
90461
90468
90474
90476
90478
90485
90513
90525
90540
90590
90602
90617
90646
90648
90657
90664
90681
90699
90711
90730
90740
90746
90748
90753
90779
90798
90803
90827
90832
90833
90856
90865
90875
90877
90900
90910
90912
90918
90927
90937
90998
91006
91018
91025
91027
91033
91061
91067
91070
91079
91097
91101
91105
91111
91163
91165
91180
91186
91197
91200
91203
91213
91221
91223
91248
91260
91262
91268
91284
91289
91291
91299
91317
91319
91324
91333
91339
91355
91388
91395
91426
91431
91434
91442
91445
91447
91448
91461
91477
91484
91488
91519
91520
91535
91577
91578
91583
91586
91588
91592
91598
91603
91609
91631
91634
91641
91642
91652
91672
91677
91692
91693
91696
91698
91702
91722
91747
91760
91762
91767
91770
91774
91779
91787
91792
91800
91804
91808
91814
91818
91820
91836
91837
91867
91868
91869
91873
91883
91885
91892
91916
91917
91930
91942
91970
91977
92001
92007
92023
92030
92047
92066
92100
92104
92108
92125
92126
92136
92166
92167
92192
92196
92201
92229
92244
92247
92254
92280
92290
92298
92307
92348
92350
92367
92373
92417
92427
92428
92441
92446
92454
92502
92518
92566
92600
92652
92655
92707
92722
92725
92747
92771
92840
92846
92850
92886
92899
92917
92923
92928
92961
92966
92977
92982
92984
93002
93019
93031
93032
93034
93038
93047
93085
93093
93115
93125
93133
93152
93155
93171
93183
93190
93204
93205
93218
93230
93266
93288
93310
93332
93376
93382
93394
93398
93405
93419
93421
93448
93449
93460
93501
93508
93538
93540
93569
93579
93580
93603
93639
93641
93678
93679
93692
93698
93703
93722
93726
93751
93754
93756
93764
93772
93793
93813
93821
93822
93827
93832
93845
93847
93848
93858
93859
93873
93893
93925
93926
93940
93950
93957
93961
94001
94009
94011
94034
94056
94094
94111
94142
94152
94155
94166
94174
94175
94205
94214
94227
94239
94241
94245
94269
94279
94287
94291
94293
94294
94308
94315
94321
94346
94364
94381
94394
94395
94397
94399
94404
94410
94420
94421
94423
94446
94467
94476
94480
94505
94526
94533
94554
94563
94567
94577
94594
94605
94618
94640
94645
94650
94732
94746
94782
94793
94796
94797
94801
94835
94839
94940
94951
94969
94982
94987
94990
95010
95014
95051
95092
95101
95107
95108
95154
95158
95185
95230
95256
95281
95285
95327
95336
95339
95342
95360
95367
95388
95389
95401
95417
95430
95434
95440
95446
95451
95466
95487
95492
95503
95518
95521
95527
95570
95572
95585
95592
95598
95600
95606
95618
95623
95628
95638
95665
95671
95672
95683
95705
95707
95748
95751
95785
95796
95822
95823
95880
95883
95897
95915
95928
95935
95960
95976
95990
96006
96017
96028
96062
96066
96076
96079
96087
96090
96094
96096
96102
96103
96108
96110
96122
96126
96133
96136
96169
96178
96193
96196
96215
96227
96229
96246
96256
96279
96284
96286
96319
96356
96358
96367
96387
96391
96409
96423
96437
96452
96453
96479
96509
96516
96574
96590
96594
96600
96617
96618
96621
96639
96653
96665
96676
96718
96720
96737
96739
96781
96786
96788
96800
96801
96804
96805
96845
96846
96857
96874
96896
96906
96931
96955
96957
96964
96975
96983
96994
97011
97018
97036
97052
97070
97071
97072
97106
97109
97114
97117
97122
97140
97144
97145
97150
97156
97199
97219
97222
97231
97242
97259
97295
97305
97308
97315
97357
97361
97395
97399
97400
97424
97430
97431
97437
97444
97463
97481
97537
97540
97546
97553
97559
97587
97588
97594
97628
97682
97687
97691
97702
97706
97714
97722
97745
97766
97769
97783
97794
97803
97808
97831
97840
97861
97874
97892
97903
97924
97928
97929
97931
97962
97964
97977
98026
98039
98057
98073
98080
98123
98131
98154
98162
98181
98188
98235
98237
98251
98253
98286
98299
98322
98331
98333
98337
98354
98388
98397
98400
98407
98428
98438
98458
98460
98462
98463
98484
98486
98491
98498
98515
98525
98527
98535
98564
98580
98591
98593
98615
98622
98638
98650
98662
98679
98696
98711
98754
98796
98815
98832
98852
98904
98908
98929
98930
98931
98939
98956
98978
98980
98981
99018
99042
99064
99115
99131
99142
99154
99163
99164
99180
99228
99232
99237
99271
99295
99338
99344
99368
99420
99437
99441
99457
99466
99483
99493
99498
99503
99513
99560
99570
99576
99599
99606
99610
99614
99618
99620
99638
99642
99654
99656
99668
99670
99675
99676
99705
99718
99735
99744
99756
99763
99777
99787
99802
99822
99830
99831
99858
99859
99860
99867
99901
99964
100013
100016
100022
100030
100036
100038
100051
100054
100070
100078
100117
100132
100143
100158
100159
100176
100186
100202
100217
100226
100235
100247
100289
100291
100323
100358
100369
100381
100430
100431
100462
100471
100483
100510
100555
100560
100561
100588
100607
100615
100653
100671
100676
100680
100691
100696
100705
100747
100751
100754
100755
100764
100778
100782
100788
100792
100824
100834
100860
100861
100877
100882
100891
100909
100945
100971
100987
100997
101018
101020
101021
101034
101040
101043
101053
101055
101098
101115
101120
101123
101145
101146
101148
101149
101163
101183
101198
101199
101225
101248
101250
101255
101265
101274
101284
101309
101327
101335
101339
101340
101362
101363
101371
101395
101439
101442
101481
101515
101539
101540
101542
101558
101559
101588
101598
101602
101606
101610
101633
101668
101685
101691
101693
101714
101729
101738
101747
101753
101791
101830
101834
101858
101864
101867
101877
101884
101915
101925
101940
101959
101980
101989
102019
102056
102059
102069
102077
102088
102118
102127
102134
102141
102148
102163
102167
102174
102184
102187
102199
102204
102243
102260
102306
102315
102372
102374
102387
102389
102462
102485
102507
102511
102533
102538
102586
102631
102632
102685
102692
102700
102701
102711
102724
102736
102739
102766
102768
102781
102790
102798
102804
102824
102850
102859
102886
102925
102937
102938
102943
102962
102963
102980
102987
102991
103022
103034
103038
103053
103055
103059
103060
103064
103076
103080
103089
103103
103113
103150
103161
103162
103163
103168
103177
103189
103196
103214
103217
103220
103230
103237
103257
103274
103291
103326
103337
103359
103366
103368
103381
103400
103406
103409
103418
103436
103450
103470
103480
103483
103518
103525
103535
103543
103548
103566
103612
103617
103619
103633
103635
103668
103700
103708
103720
103728
103748
103754
103764
103766
103780
103792
103816
103817
103826
103840
103865
103869
103874
103894
103898
103918
103921
103945
103947
103963
103967
103973
104007
104018
104048
104074
104079
104080
104083
104085
104104
104114
104125
104139
104140
104176
104183
104186
104195
104223
104225
104227
104229
104241
104242
104255
104282
104283
104300
104304
104327
104329
104337
104338
104339
104348
104353
104360
104368
104370
104371
104384
104404
104410
104419
104424
104428
104482
104487
104503
104539
104550
104553
104567
104586
104590
104595
104619
104625
104627
104632
104638
104656
104670
104702
104705
104712
104716
104743
104758
104782
104814
104828
104834
104845
104852
104858
104862
104873
104875
104878
104910
104919
104922
104923
104965
104976
104992
105000
105006
105028
105030
105036
105042
105052
105054
105063
105064
105069
105104
105109
105117
105146
105153
105171
105194
105204
105212
105224
105240
105276
105295
105316
105317
105336
105369
105407
105415
105426
105432
105439
105442
105451
105463
105492
105515
105524
105530
105533
105553
105555
105569
105570
105596
105618
105620
105629
105690
105697
105733
105772
105785
105787
105796
105804
105808
105810
105822
105851
105853
105857
105877
105878
105893
105896
105898
105901
105924
105928
105931
105942
105944
105975
106010
106012
106025
106060
106066
106070
106101
106121
106136
106138
106143
106150
106161
106217
106236
106239
106247
106260
106262
106276
106287
106313
106321
106323
106328
106329
106331
106339
106357
106394
106399
106413
106421
106425
106437
106445
106459
106460
106474
106480
106482
106495
106499
106511
106518
106521
106529
106542
106562
106578
106593
106613
106643
106645
106656
106662
106687
106692
106697
106704
106749
106753
106761
106809
106851
106888
106900
106907
106958
106964
106971
106982
106990
106997
107031
107056
107066
107067
107071
107079
107088
107094
107100
107119
107121
107129
107133
107149
107167
107168
107189
107218
107258
107295
107333
107340
107344
107349
107353
107355
107361
107385
107395
107450
107470
107476
107485
107497
107514
107517
107521
107537
107540
107544
107573
107574
107575
107598
107599
107602
107606
107651
107669
107679
107689
107691
107697
107699
107702
107717
107724
107725
107731
107780
107866
107867
107873
107875
107921
107926
107932
107936
107937
107978
107979
107995
108000
108004
108013
108045
108061
108087
108090
108096
108132
108145
108162
108193
108196
108305
108321
108344
108357
108398
108426
108500
108536
108541
108542
108557
108593
108609
108610
108653
108670
108678
108690
108725
108738
108741
108742
108744
108771
108786
108828
108853
108858
108866
108909
108920
108928
108938
108949
108965
108976
108981
108982
108984
108985
109021
109030
109034
109083
109099
109185
109187
109190
109203
109209
109225
109228
109236
109237
109250
109272
109274
109282
109291
109295
109308
109327
109330
109348
109350
109365
109375
109385
109408
109412
109422
109424
109425
109446
109451
109455
109459
109462
109477
109508
109530
109535
109599
109609
109620
109638
109645
109665
109672
109678
109681
109689
109698
109703
109709
109715
109727
109729
109735
109753
109769
109792
109804
109820
109829
109846
109849
109863
109868
109876
109902
109924
109929
109957
109979
109986
110012
110015
110027
110043
110081
110084
110102
110120
110163
110164
110202
110209
110215
110220
110235
110236
110256
110262
110270
110315
110316
110318
110320
110324
110337
110338
110376
110381
110394
110404
110405
110411
110433
110436
110457
110463
110471
110479
110492
110509
110521
110553
110559
110575
110595
110604
110631
110656
110672
110674
110680
110696
110699
110702
110719
110721
110749
110764
110769
110789
110791
110796
110802
110805
110826
110829
110830
110836
110843
110858
110872
110889
110924
110928
110945
110966
110968
110976
111000
111007
111011
111027
111032
111066
111081
111116
111153
111171
111184
111187
111192
111213
111266
111282
111295
111303
111313
111314
111335
111340
111371
111372
111375
111403
111407
111472
111476
111499
111502
111513
111522
111589
111592
111596
111621
111630
111632
111638
111663
111667
111735
111761
111770
111778
111779
111780
111787
111819
111832
111833
111850
111877
111893
111903
111907
111920
111924
111956
111992
111999
112000
112002
112007
112040
112045
112051
112054
112061
112075
112079
112080
112093
112097
112100
112123
112142
112150
112171
112187
112209
112230
112240
112247
112273
112279
112284
112317
112338
112360
112386
112424
112431
112479
112486
112496
112500
112505
112516
112523
112539
112649
112656
112672
112691
112697
112707
112719
112733
112760
112773
112777
112790
112797
112811
112849
112867
112877
112897
112901
112911
112961
112985
112987
112994
113020
113035
113037
113046
113092
113095
113108
113157
113158
113172
113202
113210
113235
113236
113239
113258
113297
113300
113311
113324
113329
113341
113353
113446
113449
113473
113486
113494
113506
113508
113535
113549
113561
113581
113599
113608
113643
113645
113659
113660
113661
113676
113687
113712
113714
113724
113736
113753
113765
113773
113774
113784
113793
113798
113831
113848
113854
113860
113868
113873
113920
113927
113944
113959
114046
114056
114063
114064
114077
114130
114138
114159
114162
114165
114172
114181
114186
114187
114205
114220
114232
114248
114250
114259
114280
114307
114317
114320
114321
114333
114339
114352
114361
114371
114379
114387
114390
114403
114404
114410
114439
114445
114451
114467
114473
114486
114505
114511
114521
114523
114530
114545
114550
114554
114601
114604
114657
114666
114688
114749
114773
114785
114792
114797
114801
114817
114826
114828
114837
114856
114869
114923
114928
114946
114970
114979
114994
115018
115025
115045
115066
115076
115134
115148
115154
115162
115164
115167
115189
115226
115257
115274
115283
115288
115295
115307
115317
115331
115363
115370
115382
115419
115451
115461
115467
115499
115504
115508
115521
115542
115555
115564
115569
115579
115590
115599
115601
115604
115621
115668
115688
115703
115712
115730
115734
115775
115781
115787
115816
115822
115841
115848
115852
115865
115880
115882
115896
115899
115905
115910
116003
116048
116052
116053
116069
116076
116107
116109
116111
116112
116115
116141
116207
116215
116245
116258
116282
116288
116300
116302
116306
116336
116340
116347
116362
116375
116382
116388
116441
116442
116446
116476
116486
116492
116494
116518
116538
116571
116593
116627
116631
116634
116663
116668
116674
116695
116704
116710
116719
116721
116725
116737
116740
116741
116752
116758
116770
116773
116797
116801
116808
116824
116836
116840
116862
116883
116887
116908
116935
116936
116939
116956
116958
116981
116992
116999
117001
117008
117012
117027
117031
117041
117096
117107
117117
117131
117163
117168
117187
117188
117197
117198
117208
117210
117238
117246
117251
117257
117264
117270
117280
117338
117339
117369
117398
117405
117407
117409
117420
117451
117454
117462
117477
117491
117495
117506
117509
117516
117518
117521
117527
117561
117567
117597
117621
117638
117654
117663
117677
117681
117685
117691
117711
117725
117741
117743
117752
117765
117779
117806
117816
117819
117828
117829
117848
117945
117961
117992
118000
118023
118027
118030
118031
118071
118091
118094
118101
118106
118113
118128
118130
118177
118205
118207
118237
118241
118245
118250
118253
118261
118264
118303
118309
118321
118345
118351
118385
118417
118428
118430
118433
118515
118539
118542
118571
118575
118576
118579
118599
118627
118656
118675
118702
118745
118757
118764
118775
118782
118801
118809
118813
118835
118858
118863
118864
118866
118886
118894
118902
119011
119033
119049
119077
119081
119084
119089
119091
119104
119114
119119
119121
119131
119143
119162
119167
119169
119178
119179
119198
119220
119222
119235
119248
119276
119284
119292
119300
119313
119319
119331
119340
119341
119344
119355
119390
119391
119429
119438
119448
119488
119508
119536
119551
119563
119601
119606
119615
119624
119627
119635
119655
119671
119678
119679
119681
119682
119684
119691
119694
119703
119710
119734
119741
119751
119767
119787
119790
119791
119884
119894
119907
119929
119931
119949
119965
119992
119995
119996
120001
120004
120020
120026
120033
120044
120066
120078
120080
120083
120100
120101
120104
120109
120119
120127
120160
120162
120172
120178
120179
120183
120194
120205
120213
120218
120236
120249
120272
120292
120294
120301
120313
120315
120341
120348
120373
120388
120389
120392
120423
120430
120439
120448
120464
120472
120477
120485
120489
120526
120540
120549
120550
120571
120574
120590
120594
120618
120631
120649
120658
120665
120674
120705
120725
120729
120738
120744
120755
120759
120776
120782
120799
120801
120822
120828
120842
120845
120846
120867
120878
120885
120887
120927
120928
120933
120944
120946
120998
121005
121015
121020
121033
121066
121072
121089
121095
121114
121116
121119
121120
121146
121149
121165
121179
121199
121202
121213
121259
121263
121266
121267
121280
121287
121301
121324
121332
121335
121378
121391
121401
121412
121414
121428
121463
121464
121489
121494
121505
121524
121526
121532
121537
121561
121594
121599
121618
121653
121679
121681
121693
121694
121696
121700
121704
121711
121714
121715
121733
121788
121789
121812
121825
121843
121857
121858
121865
121866
121900
121901
121917
121919
121923
121929
121934
121943
121947
121965
121968
121971
121972
121992
122008
122010
122019
122067
122109
122112
122120
122130
122151
122211
122237
122250
122260
122264
122270
122283
122301
122303
122304
122327
122352
122361
122364
122368
122385
122434
122454
122459
122466
122503
122511
122520
122529
122531
122536
122544
122564
122569
122579
122600
122602
122608
122628
122648
122650
122653
122658
122660
122667
122668
122687
122738
122752
122754
122768
122806
122832
122836
122852
122861
122863
122872
122873
122882
122889
122890
122899
122914
122928
122935
122936
122944
122949
122950
122955
122958
122961
122973
122974
122983
123006
123015
123022
123033
123034
123066
123067
123079
123082
123112
123124
123138
123152
123153
123155
123163
123175
123178
123192
123198
123199
123213
123225
123229
123240
123268
123275
123276
123294
123299
123314
123324
123376
123377
123378
123379
123381
123382
123393
123395
123401
123408
123417
123422
123437
123454
123459
123471
123476
123478
123500
123503
123508
123511
123515
123518
123537
123542
123557
123586
123605
123612
123662
123664
123715
123725
123763
123779
123791
123827
123828
123848
123849
123857
123885
123903
123910
123924
123933
123968
123978
123995
123997
124010
124020
124032
124044
124054
124059
124073
124080
124086
124096
124113
124127
124159
124167
124171
124226
124236
124302
124340
124346
124365
124394
124412
124413
124443
124450
124455
124456
124459
124480
124513
124524
124541
124557
124562
124571
124572
124580
124585
124614
124640
124647
124649
124654
124658
124677
124705
124732
124760
124794
124795
124822
124840
124841
124855
124868
124876
124894
124909
124924
124930
124934
124941
124949
124959
124998
124999
125003
125064
125110
125113
125125
125171
125175
125178
125180
125182
125201
125206
125222
125260
125277
125291
125310
125322
125356
125361
125369
125379
125389
125391
125408
125434
125447
125467
125482
125537
125539
125541
125584
125629
125645
125646
125651
125655
125663
125673
125699
125714
125720
125723
125726
125759
125760
125766
125799
125808
125834
125838
125882
125900
125903
125927
125928
125949
125951
125957
125963
125975
125992
126021
126022
126024
126042
126046
126048
126067
126092
126099
126106
126126
126134
126135
126165
126173
126176
126179
126186
126187
126198
126210
126216
126230
126243
126253
126257
126267
126276
126327
126345
126380
126449
126451
126453
126463
126467
126477
126503
126539
126546
126547
126548
126571
126606
126626
126633
126660
126671
126709
126783
126794
126820
126821
126823
126843
126846
126863
126868
126932
126933
126936
126941
126952
126959
126973
127006
127013
127027
127049
127059
127065
127075
127083
127084
127117
127129
127133
127156
127163
127177
127179
127204
127213
127244
127249
127253
127264
127271
127296
127330
127339
127367
127371
127406
127410
127417
127428
127440
127458
127475
127477
127488
127494
127516
127519
127576
127605
127619
127625
127691
127705
127740
127747
127750
127751
127754
127755
127767
127781
127798
127801
127803
127812
127827
127847
127852
127881
127898
127907
127915
127917
127947
127961
127992
128019
128024
128026
128043
128058
128067
128075
128082
128089
128110
128155
128159
128177
128191
128195
128207
128209
128226
128235
128236
128261
128298
128309
128313
128322
128323
128338
128358
128366
128370
128419
128433
128435
128450
128457
128475
128522
128526
128529
128559
128564
128576
128584
128589
128597
128617
128657
128671
128680
128688
128690
128691
128731
128772
128774
128806
128824
128838
128840
128848
128882
128898
128906
128907
128943
128948
128954
128973
128976
129000
129005
129009
129066
129070
129087
129090
129139
129147
129153
129202
129217
129223
129250
129263
129272
129273
129289
129308
129328
129338
129341
129345
129353
129357
129364
129367
129415
129425
129443
129448
129463
129476
129485
129504
129514
129520
129522
129541
129550
129561
129630
129632
129647
129650
129670
129681
129687
129736
129752
129755
129759
129772
129789
129790
129825
129835
129848
129872
129874
129876
129892
129893
129904
129919
129927
129949
129952
129957
129973
129986
129988
129992
130010
130012
130019
130026
130028
130041
130042
130105
130118
130128
130139
130148
130195
130204
130221
130237
130240
130274
130290
130306
130312
130325
130331
130332
130340
130345
130354
130364
130376
130389
130391
130394
130406
130412
130450
130480
130496
130509
130529
130558
130590
130592
130596
130614
130622
130629
130642
130680
130691
130703
130726
130748
130791
130796
130799
130801
130803
130806
130818
130833
130842
130846
130856
130868
130891
130892
130912
130925
130935
130936
130942
130979
130983
130993
130998
131014
131017
131024
131034
131043
131047
131056
131069
131079
131113
131123
131132
131142
131184
131198
131214
131218
131243
131299
131309
131340
131359
131360
131386
131401
131407
131419
131438
131441
131445
131471
131524
131529
131546
131548
131553
131558
131582
131606
131607
131615
131639
131658
131662
131670
131685
131688
131689
131695
131725
131744
131751
131758
131761
131773
131777
131790
131813
131818
131823
131840
131841
131846
131856
131860
131862
131864
131914
131922
132002
132030
132051
132054
132065
132069
132097
132110
132140
132147
132151
132160
132178
132179
132199
132209
132214
132226
132236
132238
132240
132245
132247
132271
132284
132353
132367
132370
132387
132408
132428
132430
132434
132436
132471
132480
132500
132543
132574
132580
132583
132590
132598
132639
132640
132653
132680
132697
132715
132730
132741
132742
132749
132785
132801
132858
132864
132893
132897
132919
132927
132930
132947
132948
132950
132955
132978
132989
133010
133029
133038
133062
133063
133079
133099
133100
133110
133132
133155
133169
133183
133189
133196
133205
133212
133215
133216
133233
133237
133247
133251
133262
133275
133302
133322
133328
133329
133372
133385
133407
133411
133414
133418
133420
133449
133478
133486
133488
133499
133500
133510
133516
133558
133559
133561
133573
133576
133589
133590
133595
133617
133622
133625
133634
133636
133647
133699
133704
133710
133718
133748
133752
133768
133775
133823
133830
133832
133834
133861
133868
133891
133892
133925
133935
133940
133944
133946
133966
133967
133983
134007
134017
134033
134045
134064
134072
134073
134087
134101
134106
134107
134116
134124
134127
134151
134168
134169
134184
134187
134221
134236
134241
134247
134262
134268
134295
134299
134352
134356
134364
134390
134392
134406
134407
134416
134419
134453
134458
134463
134468
134479
134493
134504
134511
134516
134525
134535
134557
134614
134644
134659
134662
134666
134674
134724
134728
134737
134753
134770
134786
134799
134829
134840
134851
134901
134929
134941
134944
134950
134962
134994
135012
135014
135017
135021
135030
135037
135063
135072
135091
135134
135143
135167
135189
135191
135195
135201
135203
135230
135235
135237
135239
135248
135256
135268
135269
135287
135291
135303
135318
135322
135325
135334
135359
135377
135384
135402
135427
135430
135433
135452
135474
135480
135489
135518
135522
135523
135534
135558
135566
135574
135600
135622
135629
135633
135641
135652
135671
135687
135733
135746
135751
135767
135788
135813
135819
135846
135862
135864
135873
135890
135901
135904
135916
135922
135940
135947
135949
135958
135963
135981
136024
136028
136055
136059
136073
136089
136093
136097
136102
136135
136156
136159
136164
136193
136207
136209
136232
136246
136285
136300
136304
136306
136312
136317
136339
136348
136375
136400
136410
136416
136419
136440
136459
136468
136475
136477
136478
136501
136519
136521
136522
136524
136568
136577
136587
136606
136629
136641
136650
136655
136679
136696
136719
136721
136749
136751
136752
136759
136774
136803
136827
136835
136858
136861
136865
136889
136902
136919
136935
136947
136970
136971
136986
136994
137000
137025
137027
137028
137069
137073
137092
137102
137110
137127
137129
137130
137133
137138
137153
137162
137176
137197
137222
137251
137263
137276
137278
137293
137320
137323
137327
137366
137384
137389
137390
137392
137393
137398
137423
137428
137430
137446
137456
137461
137462
137487
137493
137509
137510
137532
137545
137555
137572
137584
137589
137613
137624
137662
137687
137691
137718
137722
137729
137735
137741
137753
137773
137777
137792
137823
137839
137844
137847
137861
137896
137903
137904
137928
137936
137938
137950
137961
138015
138016
138024
138025
138032
138046
138055
138080
138100
138109
138128
138130
138137
138165
138169
138176
138177
138218
138229
138274
138302
138315
138331
138337
138381
138384
138475
138484
138486
138513
138525
138563
138639
138650
138656
138660
138662
138671
138677
138681
138711
138744
138745
138752
138753
138800
138832
138851
138852
138879
138882
138885
138891
138897
138899
138907
138916
138922
138959
138968
138969
138989
139006
139046
139053
139096
139100
139116
139140
139158
139167
139177
139186
139188
139218
139219
139222
139274
139279
139337
139359
139381
139399
139402
139431
139437
139459
139473
139481
139501
139504
139528
139544
139545
139554
139586
139625
139646
139660
139662
139675
139677
139695
139700
139701
139702
139703
139719
139779
139784
139793
139799
139816
139826
139835
139841
139852
139882
139887
139901
139903
139906
139914
139926
139940
139968
139997
140030
140045
140047
140054
140055
140056
140058
140066
140069
140078
140088
140090
140114
140115
140120
140156
140181
140200
140215
140251
140264
140295
140297
140317
140327
140344
140369
140370
140373
140382
140395
140414
140419
140421
140427
140437
140463
140471
140475
140498
140503
140510
140530
140542
140552
140554
140564
140579
140592
140607
140612
140615
140622
140624
140631
140635
140642
140655
140669
140682
140685
140694
140722
140727
140756
140775
140857
140862
140868
140871
140890
140895
140910
140927
140932
140933
140939
140940
140945
140949
140968
140977
141019
141039
141045
141046
141078
141081
141098
141138
141153
141179
141187
141197
141199
141202
141229
141251
141258
141260
141261
141263
141271
141273
141292
141299
141315
141319
141327
141349
141353
141369
141394
141395
141455
141491
141494
141504
141509
141534
141551
141557
141577
141596
141604
141616
141617
141636
141637
141639
141659
141664
141667
141678
141695
141720
141725
141739
141757
141775
141780
141808
141817
141822
141833
141846
141849
141855
141884
141895
141898
141903
141912
141923
141928
141932
141948
141950
141965
141968
142004
142014
142028
142029
142037
142093
142096
142097
142104
142110
142124
142125
142130
142172
142208
142214
142216
142220
142223
142227
142235
142242
142243
142248
142268
142291
142300
142304
142321
142337
142359
142389
142404
142406
142409
142426
142443
142450
142465
142473
142531
142536
142538
142566
142579
142589
142596
142610
142636
142648
142651
142656
142665
142686
142752
142753
142766
142772
142775
142790
142801
142804
142819
142830
142847
142855
142882
142904
142910
142914
142917
142934
142953
143000
143009
143017
143020
143045
143064
143071
143075
143102
143129
143163
143177
143203
143212
143222
143231
143251
143278
143322
143342
143347
143386
143398
143440
143453
143459
143468
143476
143485
143488
143526
143544
143556
143568
143582
143584
143587
143594
143610
143618
143654
143678
143708
143743
143774
143800
143806
143811
143822
143828
143829
143834
143840
143842
143854
143856
143877
143886
143902
143909
143914
143957
143962
143964
143974
143982
143984
143985
143988
144015
144038
144090
144106
144112
144124
144125
144144
144147
144163
144231
144265
144273
144277
144278
144295
144309
144311
144326
144332
144345
144365
144385
144395
144416
144443
144448
144459
144474
144478
144493
144511
144527
144531
144543
144561
144600
144622
144626
144635
144651
144665
144675
144698
144700
144710
144722
144734
144756
144764
144786
144793
144797
144800
144810
144839
144850
144866
144875
144882
144911
144956
144958
144961
144973
144981
144993
144994
144997
145002
145006
145020
145039
145051
145067
145070
145100
145135
145142
145146
145159
145163
145196
145204
145206
145212
145223
145228
145229
145233
145240
145245
145259
145261
145265
145274
145285
145289
145294
145297
145342
145365
145380
145386
145431
145437
145455
145466
145473
145480
145494
145503
145510
145556
145568
145626
145633
145635
145640
145660
145704
145705
145715
145721
145734
145737
145757
145805
145824
145831
145858
145860
145891
145893
145923
145930
145980
146018
146019
146027
146052
146055
146058
146096
146101
146108
146122
146126
146165
146195
146201
146210
146223
146224
146235
146261
146293
146304
146332
146340
146351
146383
146398
146399
146414
146418
146419
146428
146446
146463
146468
146469
146472
146487
146488
146503
146535
146543
146548
146565
146566
146571
146583
146586
146594
146611
146626
146634
146643
146657
146658
146670
146704
146707
146711
146727
146768
146780
146791
146801
146815
146816
146850
146857
146870
146882
146925
146929
146930
146932
146939
146954
147001
147023
147028
147037
147077
147094
147110
147118
147119
147123
147125
147136
147137
147153
147159
147192
147209
147211
147224
147237
147245
147248
147256
147259
147269
147322
147341
147348
147360
147363
147375
147412
147415
147446
147452
147482
147494
147558
147586
147587
147598
147647
147660
147662
147682
147686
147700
147702
147706
147723
147725
147726
147729
147735
147770
147775
147796
147818
147819
147835
147844
147849
147908
147911
147955
147971
147985
148006
148045
148061
148081
148086
148092
148095
148113
148126
148131
148134
148158
148195
148235
148251
148261
148272
148285
148310
148326
148328
148404
148408
148413
148417
148424
148431
148456
148457
148461
148464
148473
148510
148537
148546
148560
148563
148581
148586
148589
148594
148600
148626
148641
148654
148655
148657
148673
148675
148676
148679
148695
148704
148705
148724
148727
148752
148761
148770
148777
148798
148803
148825
148838
148854
148881
148883
148888
148904
148929
148937
148951
148953
148962
148988
149010
149012
149019
149036
149045
149060
149068
149071
149083
149099
149129
149150
149163
149164
149199
149227
149241
149243
149282
149298
149324
149326
149329
149341
149345
149349
149361
149392
149398
149428
149454
149456
149463
149466
149475
149481
149541
149551
149561
149569
149574
149580
149583
149624
149639
149642
149644
149648
149681
149714
149717
149722
149753
149778
149780
149782
149799
149804
149852
149860
149864
149896
149901
149928
149957
149962
149966
150001
150013
150029
150038
150042
150054
150055
150060
150064
150069
150094
150098
150102
150113
150126
150143
150147
150150
150167
150194
150202
150215
150228
150242
150248
150283
150296
150330
150341
150355
150365
150376
150394
150404
150406
150409
150411
150427
150454
150456
150460
150477
150479
150493
150496
150520
150525
150546
150582
150589
150610
150617
150622
150632
150646
150682
150775
150782
150800
150825
150833
150834
150864
150870
150871
150873
150883
150891
150892
150901
150911
150937
150950
150951
150988
150990
151026
151036
151055
151059
151089
151098
151111
151118
151125
151126
151128
151130
151135
151136
151144
151150
151156
151163
151195
151203
151209
151219
151225
151226
151264
151265
151293
151298
151310
151318
151332
151337
151360
151366
151397
151413
151429
151454
151460
151462
151467
151490
151525
151533
151548
151549
151568
151572
151584
151588
151612
151618
151675
151709
151722
151758
151771
151773
151796
151797
151822
151837
151849
151850
151868
151927
151931
151953
151964
151965
151968
151988
151995
152001
152015
152026
152043
152050
152055
152104
152105
152106
152112
152122
152125
152141
152153
152184
152203
152218
152243
152258
152263
152276
152277
152288
152312
152322
152361
152387
152392
152393
152428
152430
152431
152441
152472
152480
152546
152547
152553
152554
152559
152589
152609
152615
152629
152705
152707
152736
152747
152768
152787
152800
152801
152811
152822
152828
152838
152893
152896
152897
152899
152927
152931
152958
152960
152972
152975
152983
152993
153001
153002
153013
153034
153046
153049
153065
153114
153118
153120
153154
153159
153161
153167
153170
153198
153204
153206
153210
153228
153253
153261
153273
153310
153320
153332
153341
153359
153376
153410
153415
153424
153430
153433
153435
153473
153491
153509
153511
153516
153542
153584
153599
153621
153637
153646
153651
153665
153676
153689
153703
153717
153718
153722
153737
153739
153759
153776
153786
153804
153840
153854
153871
153909
153916
153921
153935
153943
153976
154022
154024
154038
154048
154060
154077
154120
154132
154144
154159
154175
154182
154183
154199
154218
154230
154232
154247
154268
154270
154283
154286
154291
154298
154303
154331
154341
154361
154370
154381
154411
154415
154420
154464
154478
154501
154505
154530
154543
154548
154553
154565
154573
154576
154601
154607
154610
154615
154626
154632
154633
154650
154651
154661
154665
154694
154695
154711
154724
154755
154758
154794
154806
154824
154826
154834
154840
154875
154882
154883
154889
154890
154901
154927
154935
154939
154951
154957
154969
154983
154995
155012
155023
155039
155047
155064
155068
155088
155089
155116
155125
155130
155131
155135
155143
155181
155195
155227
155242
155252
155260
155266
155284
155285
155312
155349
155350
155359
155374
155391
155411
155414
155419
155422
155449
155468
155481
155490
155523
155529
155545
155550
155580
155583
155591
155596
155613
155620
155629
155656
155665
155670
155672
155679
155686
155693
155701
155710
155712
155718
155721
155750
155766
155772
155827
155835
155866
155867
155868
155910
155923
155932
155959
155980
155985
155992
156025
156050
156076
156082
156089
156110
156116
156127
156132
156158
156171
156185
156228
156252
156266
156290
156317
156339
156398
156404
156424
156441
156442
156446
156458
156496
156517
156524
156538
156558
156577
156619
156623
156637
156639
156644
156652
156654
156658
156669
156673
156703
156719
156736
156774
156779
156795
156796
156822
156834
156846
156852
156855
156861
156871
156892
156930
156948
156950
156954
156973
156986
156995
157006
157009
157019
157031
157032
157043
157060
157066
157083
157089
157095
157105
157122
157126
157134
157177
157190
157193
157196
157203
157209
157236
157242
157243
157244
157265
157299
157312
157321
157329
157365
157376
157380
157384
157396
157398
157429
157435
157439
157440
157441
157451
157485
157493
157501
157521
157522
157528
157545
157547
157550
157605
157616
157630
157641
157646
157653
157655
157660
157671
157698
157702
157758
157766
157773
157775
157797
157811
157823
157842
157865
157897
157901
157918
157920
157934
158015
158022
158036
158071
158072
158104
158112
158114
158117
158131
158133
158142
158146
158154
158170
158242
158244
158259
158265
158277
158284
158293
158318
158325
158332
158369
158371
158380
158389
158390
158409
158411
158421
158454
158456
158484
158485
158494
158496
158519
158535
158555
158557
158602
158613
158615
158626
158655
158656
158703
158710
158732
158745
158793
158814
158818
158821
158834
158835
158839
158859
158860
158865
158869
158879
158905
158913
158916
158925
158926
158928
158929
158971
159068
159073
159084
159088
159093
159095
159111
159131
159147
159173
159182
159185
159198
159219
159253
159258
159261
159286
159303
159305
159350
159359
159371
159427
159456
159471
159492
159499
159512
159528
159530
159531
159548
159551
159554
159580
159583
159586
159592
159597
159605
159625
159636
159647
159657
159670
159681
159715
159716
159718
159723
159725
159739
159747
159788
159789
159820
159823
159864
159869
159879
159892
159908
159917
159924
159943
159955
159959
160030
160115
160116
160124
160126
160175
160199
160209
160215
160216
160223
160230
160233
160235
160243
160244
160263
160266
160269
160271
160294
160296
160325
160328
160360
160366
160384
160385
160391
160407
160425
160460
160471
160472
160473
160477
160484
160492
160494
160496
160505
160506
160553
160555
160567
160580
160599
160641
160697
160700
160706
160720
160746
160752
160754
160787
160794
160798
160805
160811
160827
160835
160840
160861
160874
160881
160885
160922
160927
160938
160969
160988
160991
161025
161036
161044
161070
161081
161083
161091
161101
161102
161106
161110
161111
161134
161168
161173
161177
161186
161188
161199
161204
161209
161213
161253
161255
161274
161330
161337
161346
161357
161366
161417
161430
161443
161444
161448
161451
161455
161466
161490
161491
161510
161519
161532
161550
161551
161552
161560
161583
161611
161617
161638
161641
161650
161661
161670
161675
161676
161729
161750
161788
161816
161822
161826
161867
161884
161890
161893
161896
161911
161933
161935
161992
162008
162009
162048
162051
162065
162097
162099
162107
162121
162148
162149
162163
162172
162202
162264
162265
162288
162292
162300
162307
162310
162313
162319
162320
162342
162345
162368
162382
162397
162404
162416
162423
162426
162433
162524
162533
162537
162556
162558
162579
162601
162633
162641
162649
162662
162663
162664
162665
162719
162724
162734
162756
162767