18
27
29
53
62
95
98
111
152
154
177
184
191
203
209
213
243
253
291
314
333
339
352
353
354
356
358
359
383
393
405
410
434
442
445
450
468
495
503
506
511
513
527
540
555
573
582
587
588
608
633
635
642
643
649
668
682
706
733
758
760
765
803
807
824
854
861
864
873
892
894
899
918
926
942
955
960
963
965
974
979
984
994
1030
1060
1085
1110
1117
1131
1157
1166
1185
1202
1217
1231
1254
1261
1264
1277
1292
1297
1306
1343
1354
1357
1375
1377
1381
1414
1421
1424
1444
1446
1461
1472
1523
1534
1543
1552
1578
1620
1621
1644
1664
1667
1708
1716
1738
1744
1765
1768
1771
1780
1814
1817
1871
1874
1885
1900
1930
1932
1940
1950
1964
1971
2020
2028
2052
2072
2086
2087
2139
2149
2155
2164
2248
2281
2293
2311
2377
2392
2396
2407
2420
2449
2456
2459
2472
2483
2499
2510
2547
2549
2568
2582
2587
2594
2599
2628
2657
2659
2671
2680
2683
2692
2719
2744
2755
2791
2819
2838
2885
2931
2959
2981
2984
3046
3062
3072
3080
3098
3118
3126
3142
3179
3202
3223
3247
3315
3335
3351
3358
3365
3366
3371
3400
3402
3421
3441
3488
3495
3502
3514
3538
3554
3560
3567
3587
3621
3634
3636
3657
3692
3696
3700
3704
3705
3717
3719
3723
3726
3739
3743
3747
3786
3799
3831
3836
3858
3888
3918
3947
3953
3961
3971
3988
3999
4003
4006
4010
4050
4103
4117
4119
4129
4136
4161
4164
4169
4185
4216
4256
4300
4323
4327
4342
4351
4373
4389
4394
4397
4399
4403
4407
4411
4427
4431
4450
4463
4468
4479
4488
4518
4539
4544
4551
4558
4566
4596
4615
4636
4642
4664
4670
4673
4749
4751
4770
4773
4785
4794
4824
4839
4852
4866
4870
4890
4922
4935
4937
5016
5027
5038
5054
5083
5108
5120
5131
5194
5208
5254
5264
5280
5321
5324
5369
5412
5432
5453
5481
5484
5485
5503
5509
5511
5525
5533
5554
5585
5617
5655
5698
5702
5712
5714
5750
5755
5825
5839
5854
5871
5878
5879
5880
5885
5886
5889
5907
5923
5927
5947
5974
6011
6016
6029
6036
6049
6050
6055
6056
6090
6100
6124
6130
6166
6178
6180
6186
6205
6259
6273
6277
6279
6333
6345
6395
6426
6431
6445
6454
6458
6476
6481
6495
6506
6513
6546
6562
6589
6596
6604
6616
6624
6627
6649
6689
6691
6703
6704
6751
6753
6780
6791
6795
6799
6807
6819
6825
6864
6865
6885
6905
6976
6977
6987
6992
7020
7045
7049
7068
7078
7099
7103
7105
7106
7107
7113
7123
7130
7137
7140
7149
7152
7173
7207
7210
7252
7253
7261
7282
7286
7297
7298
7305
7307
7312
7321
7322
7332
7338
7350
7354
7363
7373
7382
7389
7392
7393
7425
7432
7441
7448
7449
7462
7469
7483
7507
7514
7528
7567
7581
7595
7597
7599
7646
7647
7671
7677
7710
7712
7860
7867
7885
7890
7914
7922
7927
7933
7951
7953
7964
7967
7987
8008
8023
8074
8091
8098
8104
8112
8118
8131
8167
8186
8194
8237
8294
8301
8339
8358
8386
8396
8397
8401
8420
8448
8450
8459
8472
8496
8505
8508
8518
8544
8561
8575
8595
8624
8628
8669
8689
8718
8721
8735
8736
8751
8800
8815
8856
8874
8881
8892
8910
8914
8972
9042
9046
9085
9098
9104
9109
9113
9145
9189
9193
9204
9251
9262
9264
9286
9359
9365
9390
9398
9424
9433
9452
9466
9503
9523
9542
9557
9572
9584
9598
9611
9628
9640
9652
9675
9702
9705
9734
9735
9744
9745
9747
9765
9770
9800
9821
9832
9834
9844
9848
9852
9853
9876
9877
9909
9958
9963
10009
10026
10095
10126
10204
10215
10223
10253
10258
10296
10302
10322
10336
10343
10348
10368
10371
10431
10432
10438
10452
10485
10486
10494
10495
10496
10513
10531
10550
10562
10572
10578
10579
10585
10606
10607
10611
10618
10622
10655
10701
10704
10744
10780
10793
10800
10802
10822
10847
10848
10857
10872
10873
10885
10901
10911
10912
10927
10992
11009
11032
11040
11041
11061
11083
11091
11104
11125
11150
11162
11184
11196
11204
11206
11213
11232
11253
11262
11274
11281
11294
11312
11317
11320
11342
11345
11351
11356
11415
11444
11448
11454
11486
11492
11507
11517
11519
11530
11532
11539
11542
11551
11552
11555
11561
11572
11598
11622
11638
11644
11661
11686
11697
11698
11702
11708
11709
11714
11742
11743
11753
11764
11778
11780
11791
11833
11835
11859
11879
11884
11965
11981
12023
12047
12048
12050
12082
12084
12094
12116
12128
12161
12164
12214
12222
12249
12251
12282
12303
12306
12362
12376
12379
12386
12415
12430
12440
12446
12451
12463
12486
12507
12516
12518
12524
12532
12535
12541
12583
12593
12602
12614
12626
12671
12675
12688
12693
12701
12707
12723
12735
12757
12777
12782
12795
12799
12821
12838
12870
12877
12881
12896
12946
12951
12968
13008
13043
13052
13076
13093
13113
13118
13125
13165
13168
13182
13196
13208
13210
13243
13252
13255
13264
13283
13286
13346
13347
13351
13368
13429
13454
13457
13480
13492
13495
13531
13537
13538
13542
13559
13565
13602
13607
13614
13632
13636
13646
13648
13654
13655
13706
13712
13722
13725
13727
13734
13748
13769
13790
13796
13857
13863
13864
13875
13894
13921
13922
13936
13937
13987
14010
14017
14018
14022
14035
14040
14079
14099
14103
14104
14109
14145
14171
14202
14215
14230
14275
14292
14294
14315
14328
14334
14344
14355
14362
14383
14405
14421
14452
14463
14476
14488
14492
14518
14559
14592
14610
14614
14618
14646
14687
14698
14704
14756
14766
14768
14778
14796
14878
14880
14923
14937
14964
15010
15018
15019
15047
15061
15078
15084
15095
15100
15102
15132
15160
15165
15176
15181
15247
15279
15283
15312
15354
15360
15399
15413
15442
15477
15486
15522
15543
15547
15577
15595
15609
15610
15627
15645
15676
15679
15682
15699
15700
15718
15730
15757
15773
15791
15816
15819
15827
15838
15842
15849
15861
15887
15907
15919
15920
15932
15933
15945
15974
15993
16000
16004
16008
16020
16045
16055
16056
16062
16077
16080
16126
16173
16188
16193
16213
16228
16260
16273
16274
16283
16293
16296
16312
16317
16346
16377
16389
16403
16408
16412
16439
16449
16450
16456
16477
16479
16526
16555
16564
16571
16577
16579
16580
16581
16583
16594
16601
16638
16655
16661
16695
16702
16715
16719
16724
16729
16735
16750
16791
16797
16827
16850
16870
16882
16884
16902
16948
16956
16959
16961
16972
16974
16987
16988
16994
17001
17037
17051
17101
17166
17210
17212
17243
17254
17271
17289
17299
17300
17307
17347
17356
17389
17406
17415
17416
17435
17438
17443
17445
17457
17470
17481
17510
17517
17519
17536
17542
17548
17560
17577
17579
17585
17602
17627
17648
17692
17719
17735
17740
17750
17756
17764
17797
17832
17838
17844
17865
17883
17899
17904
17918
17920
17950
17956
17979
17981
18003
18014
18056
18060
18091
18136
18139
18149
18164
18166
18177
18213
18227
18237
18267
18298
18395
18408
18409
18462
18481
18498
18520
18524
18525
18573
18592
18639
18671
18676
18680
18700
18719
18729
18738
18750
18774
18787
18805
18846
18860
18869
18884
18887
18891
18904
18906
18924
19029
19085
19097
19098
19100
19116
19119
19134
19137
19163
19193
19196
19198
19213
19238
19241
19254
19259
19268
19298
19334
19336
19350
19371
19391
19422
19435
19445
19450
19455
19460
19483
19530
19538
19544
19561
19572
19587
19603
19643
19647
19649
19683
19686
19723
19745
19753
19759
19760
19796
19797
19798
19825
19845
19872
19945
19973
19995
20003
20024
20045
20048
20056
20059
20064
20072
20084
20095
20119
20152
20169
20184
20192
20224
20239
20253
20259
20277
20286
20325
20328
20333
20339
20341
20352
20365
20399
20403
20410
20434
20471
20483
20488
20492
20504
20547
20553
20561
20566
20581
20584
20629
20640
20641
20649
20661
20662
20677
20680
20695
20713
20720
20724
20767
20773
20803
20809
20811
20818
20822
20830
20839
20859
20863
20872
20886
20907
20919
20923
20936
20987
21005
21034
21134
21150
21171
21178
21218
21234
21240
21253
21258
21269
21293
21304
21311
21380
21394
21406
21447
21450
21511
21520
21577
21583
21585
21594
21596
21601
21625
21709
21715
21740
21770
21777
21794
21796
21802
21810
21835
21837
21849
21851
21860
21875
21908
21929
21948
21952
21990
21993
22039
22047
22061
22109
22116
22119
22149
22155
22237
22294
22319
22320
22322
22324
22331
22334
22343
22366
22373
22385
22391
22408
22412
22423
22465
22470
22473
22478
22499
22548
22550
22552
22557
22575
22581
22589
22600
22639
22644
22691
22716
22720
22765
22779
22803
22885
22923
22930
22972
22981
22988
23008
23032
23068
23107
23123
23128
23156
23164
23172
23177
23224
23229
23243
23271
23304
23324
23327
23330
23348
23351
23352
23399
23426
23450
23451
23458
23483
23514
23515
23543
23550
23583
23609
23641
23655
23657
23663
23683
23753
23754
23762
23763
23800
23816
23818
23843
23845
23864
23897
23930
23939
23964
23979
23985
24013
24022
24083
24113
24119
24127
24138
24140
24142
24146
24147
24157
24159
24161
24200
24207
24210
24216
24263
24277
24278
24283
24298
24302
24315
24327
24339
24344
24352
24359
24362
24389
24393
24417
24432
24476
24490
24502
24538
24560
24563
24572
24582
24592
24596
24622
24624
24631
24638
24641
24658
24665
24695
24696
24735
24736
24739
24763
24782
24799
24806
24815
24844
24852
24863
24869
24903
24913
24923
24945
24948
24950
24957
24991
25015
25094
25097
25103
25109
25115
25131
25143
25145
25163
25178
25188
25193
25199
25204
25236
25250
25288
25300
25301
25320
25385
25401
25411
25427
25440
25446
25484
25485
25492
25495
25504
25529
25586
25591
25601
25626
25638
25641
25654
25656
25657
25659
25704
25706
25712
25736
25743
25768
25780
25793
25810
25817
25839
25842
25879
25882
25909
25958
25965
26042
26054
26057
26077
26105
26114
26117
26132
26164
26168
26181
26203
26245
26272
26278
26279
26288
26315
26323
26331
26338
26366
26407
26466
26512
26520
26521
26528
26563
26571
26584
26591
26598
26612
26625
26632
26637
26642
26652
26674
26676
26693
26698
26702
26722
26746
26756
26763
26776
26782
26801
26802
26836
26840
26847
26851
26857
26872
26893
26943
26948
26950
27051
27072
27093
27120
27134
27186
27191
27192
27215
27246
27266
27275
27298
27299
27316
27318
27343
27348
27349
27355
27357
27359
27388
27399
27405
27409
27410
27452
27461
27468
27491
27500
27510
27552
27556
27558
27559
27561
27562
27566
27579
27597
27620
27627
27680
27716
27718
27733
27743
27753
27767
27777
27807
27809
27841
27848
27861
27879
27882
27885
27890
27895
27905
27914
27924
27940
27953
27962
27965
27968
27985
27988
28011
28018
28045
28059
28065
28087
28089
28100
28121
28140
28143
28145
28168
28180
28193
28201
28203
28211
28219
28222
28233
28276
28277
28279
28283
28292
28338
28341
28342
28347
28356
28417
28419
28429
28438
28443
28465
28482
28515
28602
28608
28615
28645
28656
28681
28701
28725
28732
28736
28752
28781
28797
28816
28826
28829
28849
28890
28952
28955
28977
28987
29011
29052
29100
29103
29130
29135
29140
29143
29160
29200
29207
29223
29224
29230
29231
29238
29239
29240
29256
29260
29268
29269
29274
29283
29287
29312
29313
29321
29348
29383
29395
29397
29414
29447
29482
29510
29541
29562
29568
29607
29627
29636
29657
29661
29675
29686
29696
29714
29762
29783
29804
29809
29820
29827
29858
29873
29878
29889
29933
29934
29951
29959
29965
29966
29984
29990
30034
30043
30046
30048
30051
30069
30075
30090
30116
30118
30175
30186
30191
30231
30235
30244
30255
30301
30345
30354
30367
30396
30401
30436
30466
30474
30476
30490
30503
30517
30527
30558
30587
30594
30609
30610
30649
30656
30664
30687
30736
30739
30760
30765
30776
30782
30807
30842
30861
30865
30866
30896
30903
30911
30925
30935
30942
30954
30981
30995
30996
31014
31024
31033
31058
31062
31075
31076
31077
31101
31104
31147
31152
31153
31171
31196
31202
31237
31239
31248
31282
31298
31319
31324
31332
31335
31340
31348
31376
31394
31409
31411
31454
31472
31517
31531
31552
31564
31573
31576
31621
31679
31688
31701
31707
31725
31760
31762
31781
31811
31825
31843
31853
31886
31887
31895
31900
31931
31954
31963
31986
32005
32012
32013
32015
32055
32067
32080
32081
32083
32085
32088
32124
32172
32178
32225
32229
32255
32257
32278
32331
32367
32374
32378
32381
32385
32404
32407
32414
32420
32439
32443
32460
32475
32478
32519
32524
32531
32535
32539
32553
32558
32589
32593
32597
32621
32626
32636
32680
32712
32717
32732
32743
32750
32790
32803
32811
32814
32816
32877
32909
32924
32935
32937
32941
32958
33003
33010
33011
33017
33034
33038
33043
33105
33126
33128
33131
33142
33166
33208
33251
33295
33305
33310
33337
33347
33351
33352
33366
33369
33399
33424
33433
33440
33459
33478
33501
33502
33506
33545
33550
33552
33584
33586
33597
33624
33639
33651
33657
33658
33674
33830
33875
33887
33888
33898
33910
33951
33983
33996
34004
34016
34033
34036
34040
34050
34053
34056
34090
34098
34102
34119
34131
34141
34150
34160
34185
34190
34193
34207
34217
34223
34237
34238
34239
34242
34254
34259
34295
34297
34346
34370
34384
34420
34422
34423
34424
34459
34467
34486
34497
34502
34536
34581
34618
34624
34642
34690
34727
34730
34749
34770
34774
34778
34781
34788
34801
34826
34836
34837
34839
34846
34915
34934
34974
35013
35017
35065
35069
35102
35115
35157
35166
35185
35201
35203
35243
35256
35262
35264
35266
35351
35368
35369
35373
35382
35419
35438
35451
35454
35461
35474
35476
35479
35499
35501
35505
35553
35590
35596
35651
35675
35694
35725
35726
35730
35733
35745
35760
35778
35797
35811
35854
35871
35875
35884
35903
35906
35909
35940
35973
35978
35985
35988
36004
36008
36011
36012
36017
36055
36075
36116
36143
36148
36155
36157
36170
36185
36208
36231
36237
36250
36273
36292
36295
36314
36320
36326
36351
36353
36362
36386
36394
36401
36432
36435
36440
36451
36467
36475
36492
36503
36512
36554
36555
36601
36602
36629
36651
36652
36658
36670
36674
36684
36777
36781
36793
36805
36815
36819
36852
36875
36881
36916
36919
36960
36961
36970
36971
36980
37001
37036
37060
37097
37106
37119
37143
37151
37175
37201
37204
37207
37217
37243
37262
37303
37306
37311
37346
37364
37372
37417
37430
37470
37475
37479
37512
37520
37523
37535
37537
37540
37551
37557
37563
37600
37607
37611
37633
37696
37718
37720
37721
37730
37774
37776
37781
37799
37810
37820
37850
37861
37865
37882
37931
37954
38029
38035
38046
38087
38116
38121
38136
38143
38171
38224
38226
38234
38249
38259
38284
38300
38315
38318
38372
38377
38428
38431
38436
38443
38448
38449
38452
38459
38481
38489
38503
38510
38537
38545
38567
38577
38587
38598
38606
38629
38631
38656
38674
38694
38698
38708
38721
38724
38752
38767
38769
38816
38820
38841
38843
38854
38885
38986
39003
39023
39026
39053
39066
39081
39088
39098
39127
39135
39151
39172
39173
39178
39188
39189
39201
39261
39269
39276
39280
39285
39289
39299
39335
39356
39391
39399
39416
39433
39452
39511
39523
39524
39529
39535
39543
39554
39570
39607
39634
39679
39690
39695
39702
39735
39766
39770
39784
39799
39808
39811
39874
39936
39944
39948
40011
40023
40050
40065
40116
40152
40171
40182
40201
40213
40264
40285
40315
40316
40340
40355
40396
40403
40429
40431
40489
40492
40517
40525
40550
40558
40571
40606
40616
40637
40647
40686
40731
40743
40753
40775
40783
40812
40878
40880
40900
40906
40916
40920
40927
41017
41032
41051
41073
41078
41082
41085
41101
41130
41145
41153
41154
41163
41181
41234
41249
41262
41284
41289
41337
41360
41364
41365
41391
41415
41421
41428
41463
41510
41525
41553
41566
41577
41578
41604
41646
41662
41667
41676
41678
41704
41711
41714
41731
41749
41761
41769
41775
41781
41789
41810
41831
41894
41895
41918
41924
41933
41961
41990
42005
42038
42073
42114
42119
42131
42199
42219
42229
42244
42248
42261
42265
42268
42270
42272
42281
42290
42302
42310
42315
42340
42366
42384
42401
42415
42428
42437
42442
42445
42450
42462
42478
42488
42492
42524
42561
42571
42575
42586
42589
42620
42654
42666
42674
42692
42696
42707
42720
42722
42736
42809
42817
42823
42827
42839
42852
42857
42867
42870
42879
42904
42911
42913
42917
42926
42951
43011
43017
43022
43032
43068
43072
43080
43082
43093
43106
43139
43154
43182
43186
43211
43213
43219
43221
43232
43235
43237
43242
43260
43269
43277
43281
43301
43302
43319
43337
43367
43399
43406
43415
43454
43466
43471
43480
43486
43496
43517
43547
43595
43622
43628
43646
43673
43695
43701
43717
43746
43782
43805
43809
43848
43852
43900
43901
43963
43968
43974
43982
43984
43995
44042
44081
44091
44092
44105
44113
44119
44167
44194
44209
44242
44261
44281
44362
44374
44453
44460
44469
44500
44512
44515
44519
44547
44569
44595
44598
44600
44615
44626
44632
44660
44662
44679
44692
44720
44725
44728
44749
44758
44783
44792
44795
44807
44839
44844
44854
44868
44875
44901
44913
44949
44952
44995
45000
45047
45075
45076
45107
45109
45110
45115
45144
45145
45179
45187
45216
45217
45238
45258
45265
45289
45306
45374
45392
45406
45432
45437
45451
45467
45475
45487
45497
45516
45533
45566
45567
45582
45595
45601
45607
45617
45643
45644
45647
45650
45709
45717
45739
45756
45757
45766
45776
45816
45819
45832
45836
45841
45843
45883
45891
45895
45903
45914
45951
45954
45966
45981
45989
45995
46001
46004
46013
46020
46040
46043
46065
46084
46087
46097
46131
46162
46169
46173
46202
46237
46242
46248
46274
46315
46318
46322
46372
46373
46416
46437
46491
46495
46499
46508
46542
46564
46568
46633
46640
46645
46659
46664
46713
46719
46729
46734
46737
46784
46786
46801
46815
46849
46877
46878
46880
46891
46914
46927
46939
46960
46971
46982
46997
47068
47177
47199
47205
47222
47244
47262
47265
47303
47305
47339
47342
47368
47384
47406
47428
47434
47448
47451
47483
47510
47513
47527
47558
47586
47639
47647
47673
47701
47725
47738
47758
47763
47803
47830
47843
47845
47849
47854
47864
47865
47868
47874
47888
47897
47902
47952
47970
47974
47976
47980
47988
48007
48033
48062
48064
48091
48102
48106
48119
48130
48152
48154
48159
48162
48171
48196
48199
48211
48212
48229
48278
48293
48296
48394
48408
48416
48442
48452
48453
48460
48472
48483
48488
48509
48523
48530
48531
48539
48555
48563
48594
48608
48633
48642
48660
48683
48723
48730
48740
48750
48752
48765
48790
48831
48855
48874
48916
48925
48951
48961
48970
48973
48975
48980
49002
49022
49046
49075
49088
49090
49099
49103
49104
49108
49154
49178
49185
49201
49204
49211
49224
49249
49251
49252
49259
49300
49345
49369
49411
49430
49433
49434
49441
49443
49457
49458
49462
49507
49527
49547
49572
49587
49592
49611
49648
49650
49651
49657
49680
49724
49731
49785
49809
49824
49825
49834
49837
49847
49908
49943
49944
49947
49978
49985
49994
50006
50012
50042
50063
50072
50080
50087
50103
50119
50124
50129
50150
50185
50195
50199
50209
50227
50228
50231
50247
50249
50253
50260
50261
50276
50289
50291
50373
50380
50383
50402
50415
50494
50497
50501
50506
50524
50534
50540
50543
50545
50547
50554
50573
50584
50594
50595
50623
50629
50671
50672
50695
50740
50741
50780
50821
50830
50831
50834
50843
50847
50897
50928
50957
50958
50994
51009
51022
51028
51031
51123
51162
51186
51188
51214
51234
51251
51283
51304
51311
51313
51360
51363
51369
51376
51381
51422
51443
51449
51472
51510
51513
51519
51569
51572
51579
51588
51590
51601
51628
51629
51642
51679
51680
51682
51688
51699
51702
51732
51733
51754
51769
51830
51834
51838
51839
51941
51965
51967
51996
52017
52019
52022
52037
52063
52108
52117
52125
52152
52156
52161
52184
52212
52213
52216
52240
52281
52290
52307
52404
52435
52436
52444
52451
52457
52485
52493
52496
52497
52536
52538
52550
52551
52561
52567
52568
52587
52590
52608
52615
52621
52652
52678
52693
52716
52718
52720
52761
52773
52789
52796
52806
52829
52833
52839
52847
52871
52896
52905
52927
52934
52988
52998
53011
53084
53086
53111
53123
53142
53148
53157
53173
53174
53182
53201
53229
53240
53243
53254
53270
53288
53290
53320
53323
53334
53358
53370
53394
53422
53442
53457
53466
53478
53481
53482
53518
53534
53543
53548
53551
53553
53555
53579
53586
53587
53615
53638
53650
53661
53664
53667
53703
53709
53738
53761
53779
53789
53807
53810
53817
53858
53859
53866
53893
53906
53924
53932
54002
54003
54006
54029
54046
54053
54060
54066
54082
54092
54108
54120
54140
54141
54162
54199
54211
54215
54218
54219
54279
54300
54302
54303
54341
54356
54375
54382
54411
54412
54424
54454
54458
54501
54516
54517
54526
54536
54540
54545
54549
54554
54605
54616
54642
54644
54645
54658
54679
54695
54699
54706
54731
54743
54751
54756
54773
54774
54786
54804
54805
54813
54847
54854
54857
54896
54920
54933
54982
54985
54993
54995
55013
55019
55023
55026
55028
55055
55073
55076
55083
55085
55086
55092
55105
55117
55127
55133
55156
55186
55206
55208
55213
55254
55275
55281
55295
55308
55333
55348
55362
55369
55373
55375
55397
55398
55434
55467
55469
55470
55475
55480
55497
55551
55583
55592
55593
55603
55641
55719
55722
55749
55756
55760
55823
55828
55835
55853
55864
55871
55904
55907
55942
55951
55956
55957
55967
55978
55998
56119
56151
56161
56170
56290
56303
56310
56321
56376
56383
56385
56396
56407
56408
56412
56443
56454
56457
56458
56464
56484
56489
56495
56496
56498
56500
56508
56509
56512
56533
56552
56572
56589
56591
56661
56680
56701
56715
56733
56734
56737
56749
56768
56800
56826
56828
56832
56848
56854
56877
56881
56889
56904
56907
56910
56926
56947
56963
57021
57031
57037
57048
57109
57171
57192
57226
57233
57240
57275
57297
57306
57325
57352
57364
57368
57412
57431
57433
57447
57449
57512
57516
57576
57583
57594
57651
57661
57667
57679
57683
57697
57711
57724
57775
57789
57792
57820
57844
57848
57872
57873
57878
57913
57937
57955
57956
57999
58036
58037
58081
58085
58092
58096
58120
58148
58153
58157
58167
58169
58186
58194
58211
58239
58253
58261
58272
58273
58281
58282
58285
58343
58344
58349
58352
58381
58396
58461
58470
58474
58491
58511
58524
58534
58547
58556
58568
58572
58578
58586
58591
58635
58648
58696
58707
58709
58730
58732
58736
58744
58747
58749
58752
58762
58771
58795
58799
58815
58820
58845
58864
58865
58901
58938
58951
58952
58973
59006
59039
59116
59131
59150
59153
59160
59240
59256
59309
59345
59360
59361
59374
59381
59393
59406
59424
59434
59460
59474
59481
59494
59569
59589
59606
59610
59616
59638
59659
59693
59702
59710
59711
59724
59729
59742
59745
59746
59768
59769
59789
59807
59817
59822
59836
59879
59891
59923
59930
59967
59975
59978
59985
59990
60002
60058
60065
60067
60081
60095
60108
60122
60169
60173
60175
60182
60237
60242
60255
60257
60264
60306
60343
60354
60359
60364
60365
60368
60385
60401
60415
60422
60436
60438
60454
60457
60483
60502
60503
60504
60509
60513
60519
60524
60533
60558
60568
60583
60591
60599
60601
60605
60619
60627
60630
60637
60647
60654
60662
60676
60678
60707
60739
60744
60754
60785
60807
60810
60815
60818
60856
60871
60914
60941
60947
60968
61000
61008
61023
61038
61058
61074
61094
61111
61143
61150
61160
61185
61187
61209
61229
61239
61256
61316
61327
61371
61382
61395
61400
61461
61509
61515
61545
61554
61637
61647
61649
61663
61674
61685
61693
61700
61706
61728
61741
61770
61785
61808
61830
61899
61902
61905
61909
61915
61919
61949
61953
61954
61975
61997
62000
62062
62096
62121
62165
62169
62178
62180
62181
62211
62231
62252
62258
62270
62273
62292
62325
62353
62382
62396
62424
62428
62431
62460
62464
62488
62491
62512
62519
62522
62566
62592
62593
62627
62636
62646
62671
62672
62686
62694
62709
62735
62747
62763
62832
62843
62855
62865
62876
62879
62900
62949
62950
62980
63006
63011
63016
63028
63031
63047
63068
63101
63109
63123
63127
63149
63200
63228
63239
63264
63266
63303
63353
63368
63380
63421
63453
63489
63502
63521
63525
63563
63587
63601
63606
63622
63624
63643
63702
63735
63736
63757
63777
63792
63809
63824
63840
63850
63851
63852
63856
63875
63885
63921
63940
63944
63982
64003
64020
64021
64028
64040
64060
64090
64099
64156
64170
64198
64200
64208
64233
64247
64252
64261
64266
64267
64301
64302
64348
64355
64362
64372
64381
64387
64402
64415
64443
64469
64470
64483
64488
64505
64513
64531
64553
64565
64591
64595
64600
64607
64623
64624
64640
64645
64661
64683
64691
64701
64719
64740
64797
64800
64814
64822
64830
64861
64880
64882
64891
64897
64943
64949
64970
64978
65008
65054
65078
65083
65092
65095
65107
65115
65124
65157
65166
65222
65227
65236
65257
65269
65290
65306
65345
65354
65388
65405
65412
65432
65477
65479
65486
65497
65518
65564
65584
65588
65590
65594
65647
65648
65659
65667
65670
65700
65710
65732
65752
65770
65777
65799
65805
65838
65840
65842
65848
65855
65873
65949
65954
65965
65976
66006
66018
66055
66083
66096
66098
66135
66168
66198
66208
66213
66250
66254
66261
66262
66295
66335
66338
66339
66349
66351
66372
66385
66388
66405
66436
66465
66468
66471
66485
66515
66523
66530
66570
66601
66620
66637
66646
66649
66661
66731
66785
66796
66808
66818
66824
66839
66848
66860
66866
66884
66892
66969
66979
67024
67029
67040
67049
67068
67072
67083
67084
67091
67165
67167
67171
67195
67201
67209
67243
67255
67256
67291
67367
67375
67377
67399
67411
67420
67421
67427
67450
67497
67501
67523
67525
67531
67541
67560
67569
67570
67596
67598
67623
67624
67647
67652
67654
67660
67664
67700
67705
67713
67757
67783
67791
67862
67873
67892
67939
67979
68039
68060
68078
68080
68086
68088
68101
68104
68105
68114
68122
68131
68168
68193
68205
68207
68245
68263
68279
68300
68317
68329
68337
68352
68363
68367
68402
68405
68415
68422
68423
68439
68472
68496
68499
68515
68538
68544
68546
68547
68555
68574
68616
68645
68662
68694
68700
68705
68713
68723
68741
68770
68778
68788
68804
68808
68809
68811
68822
68838
68842
68843
68844
68853
68859
68860
68868
68871
68889
68897
68924
68982
68992
69007
69025
69035
69042
69045
69093
69095
69098
69120
69130
69138
69151
69209
69235
69291
69305
69329
69363
69389
69392
69435
69447
69463
69473
69514
69524
69533
69534
69559
69565
69592
69593
69607
69649
69662
69736
69753
69761
69832
69837
69850
69874
69879
69891
69908
69933
69937
69949
69965
69975
70011
70016
70021
70025
70028
70033
70067
70107
70140
70166
70172
70178
70206
70212
70220
70223
70296
70302
70324
70329
70355
70374
70379
70394
70400
70422
70426
70428
70433
70449
70459
70481
70487
70505
70508
70529
70540
70545
70570
70609
70614
70616
70622
70625
70634
70647
70648
70674
70680
70699
70705
70758
70785
70788
70789
70793
70794
70829
70845
70876
70883
70897
70898
70916
70931
70936
70939
70951
70956
71009
71011
71012
71055
71062
71091
71110
71114
71121
71130
71163
71174
71190
71225
71235
71247
71265
71268
71338
71407
71412
71422
71444
71449
71451
71454
71460
71469
71486
71512
71518
71523
71524
71577
71583
71597
71608
71615
71636
71655
71720
71734
71749
71763
71813
71825
71831
71860
71899
71934
71982
71997
72021
72047
72078
72097
72098
72128
72145
72190
72207
72240
72245
72255
72258
72276
72285
72301
72309
72329
72335
72341
72344
72348
72398
72437
72453
72465
72484
72532
72550
72553
72574
72586
72610
72623
72661
72721
72726
72781
72789
72792
72809
72839
72866
72880
72907
72910
72917
72933
72937
72973
72978
73011
73027
73036
73041
73070
73077
73101
73133
73152
73184
73218
73224
73245
73291
73293
73314
73331
73372
73382
73388
73394
73405
73417
73425
73428
73437
73439
73441
73471
73478
73491
73507
73557
73588
73640
73648
73653
73657
73684
73756
73791
73813
73825
73832
73845
73861
73874
73912
73917
73959
74011
74012
74020
74033
74044
74047
74049
74076
74078
74103
74131
74181
74200
74221
74230
74237
74262
74292
74294
74296
74297
74311
74313
74325
74358
74359
74368
74378
74393
74412
74422
74450
74454
74462
74473
74496
74511
74515
74526
74553
74556
74582
74597
74613
74629
74638
74647
74671
74673
74689
74702
74703
74721
74747
74784
74797
74823
74825
74828
74867
74886
74901
74910
74922
74940
74942
75030
75032
75037
75046
75056
75090
75123
75124
75263
75270
75364
75372
75373
75377
75384
75402
75408
75412
75449
75453
75456
75459
75460
75482
75489
75491
75496
75498
75523
75546
75586
75593
75609
75619
75631
75653
75669
75673
75694
75720
75725
75743
75755
75766
75792
75796
75818
75828
75837
75875
75884
75932
75936
75940
75947
75956
75957
75961
75962
75982
75983
76028
76035
76051
76064
76090
76101
76105
76175
76187
76206
76219
76235
76249
76264
76288
76290
76334
76350
76405
76420
76444
76451
76460
76461
76564
76620
76622
76624
76639
76646
76650
76655
76678
76719
76731
76761
76800
76805
76813
76815
76820
76827
76834
76845
76860
76865
76874
76896
76906
76925
76928
76950
76985
76997
76999
77012
77038
77059
77078
77100
77121
77123
77179
77182
77188
77228
77280
77281
77283
77288
77292
77350
77351
77366
77372
77394
77409
77442
77477
77496
77515
77519
77525
77530
77544
77547
77553
77555
77576
77593
77601
77604
77634
77644
77652
77656
77731
77743
77753
77783
77815
77816
77818
77822
77836
77847
77853
77866
77868
77870
77944
77971
77995
78004
78059
78061
78089
78116
78151
78157
78173
78199
78215
78218
78236
78252
78284
78305
78324
78339
78341
78350
78355
78362
78398
78406
78409
78419
78422
78434
78435
78438
78492
78495
78503
78507
78538
78569
78572
78581
78593
78617
78622
78629
78651
78660
78662
78701
78704
78707
78722
78728
78733
78740
78760
78791
78827
78836
78846
78893
78905
78908
78913
78929
78939
78983
78989
79023
79063
79075
79084
79103
79116
79131
79133
79147
79178
79213
79227
79240
79243
79247
79257
79283
79311
79327
79350
79354
79357
79418
79420
79422
79464
79474
79526
79544
79582
79590
79612
79625
79655
79668
79686
79695
79700
79703
79709
79729
79745
79777
79793
79796
79811
79827
79828
79852
79878
79884
79888
79904
79912
79913
79915
79931
79942
79953
79964
79993
80004
80005
80013
80038
80064
80088
80091
80138
80162
80165
80196
80237
80252
80329
80330
80339
80343
80351
80358
80369
80381
80382
80387
80400
80410
80412
80432
80433
80438
80466
80471
80473
80480
80521
80591
80595
80604
80611
80612
80626
80659
80692
80699
80723
80726
80736
80738
80767
80769
80772
80784
80826
80840
80865
80893
80917
80927
80930
80933
80960
80971
80976
80979
80989
80993
81006
81034
81109
81124
81130
81163
81175
81179
81189
81214
81219
81223
81242
81287
81312
81319
81322
81357
81398
81400
81421
81424
81428
81438
81454
81470
81501
81514
81523
81524
81533
81548
81550
81559
81569
81586
81598
81621
81634
81659
81679
81779
81782
81792
81800
81817
81845
81867
81880
81881
81884
81911
81917
81938
81945
81948
81991
81997
82016
82030
82059
82062
82072
82075
82095
82107
82150
82151
82192
82201
82213
82216
82242
82273
82277
82293
82301
82303
82323
82325
82330
82343
82344
82360
82369
82371
82374
82389
82399
82403
82416
82429
82461
82479
82506
82520
82524
82533
82534
82559
82562
82571
82581
82607
82614
82665
82678
82679
82685
82692
82702
82722
82736
82741
82764
82774
82792
82798
82808
82826
82834
82838
82851
82858
82873
82878
82934
82946
82948
82949
82969
82972
82980
83023
83024
83064
83075
83098
83107
83110
83133
83137
83153
83197
83204
83233
83247
83259
83293
83305
83330
83350
83371
83385
83404
83427
83482
83486
83502
83510
83539
83545
83575
83600
83609
83616
83700
83705
83748
83780
83801
83803
83810
83811
83813
83827
83840
83899
83907
83934
83950
83978
83989
84000
84005
84020
84069
84071
84104
84133
84171
84209
84211
84214
84225
84236
84243
84249
84251
84254
84303
84314
84334
84340
84349
84353
84358
84369
84394
84429
84437
84457
84472
84529
84532
84549
84555
84564
84568
84598
84655
84667
84694
84739
84743
84750
84751
84889
84896
84899
84916
85024
85063
85078
85116
85125
85134
85171
85179
85186
85197
85213
85250
85290
85301
85313
85321
85360
85390
85416
85419
85420
85428
85430
85466
85512
85515
85521
85571
85623
85631
85640
85657
85660
85695
85702
85707
85719
85743
85749
85750
85782
85822
85844
85879
85914
85921
85934
85942
85948
85968
86000
86006
86014
86075
86095
86109
86178
86245
86254
86268
86295
86302
86312
86315
86325
86379
86380
86382
86386
86409
86413
86420
86425
86458
86461
86479
86491
86530
86538
86542
86547
86557
86564
86566
86570
86580
86593
86597
86602
86638
86642
86666
86700
86712
86729
86730
86733
86734
86741
86745
86793
86794
86797
86799
86800
86802
86806
86807
86809
86820
86842
86853
86860
86879
86882
86883
86899
86901
86909
86926
86959
86960
86990
87003
87019
87026
87033
87056
87065
87066
87085
87107
87125
87166
87184
87187
87189
87216
87220
87222
87233
87234
87247
87263
87266
87315
87341
87345
87370
87372
87373
87379
87402
87404
87430
87438
87462
87492
87519
87567
87590
87594
87645
87649
87664
87684
87692
87703
87707
87712
87720
87731
87734
87736
87741
87744
87759
87771
87807
87812
87835
87855
87870
87877
87915
87954
87981
87987
88006
88013
88127
88150
88156
88194
88238
88269
88295
88304
88328
88333
88339
88372
88387
88401
88424
88496
88550
88567
88570
88575
88580
88582
88589
88593
88602
88648
88664
88672
88751
88777
88792
88808
88816
88851
88872
88886
88889
88935
88978
88988
89035
89050
89073
89082
89096
89108
89109
89113
89116
89121
89162
89173
89193
89202
89262
89267
89277
89296
89303
89316
89323
89330
89337
89350
89356
89367
89374
89420
89457
89468
89469
89485
89499
89509
89530
89574
89602
89627
89670
89682
89689
89690
89698
89699
89716
89736
89743
89744
89766
89767
89776
89781
89783
89795
89800
89831
89844
89854
89866
89871
89885
89904
89973
89977
89991
90019
90042
90087
90116
90117
90125
90148
90152
90167
90214
90238
90241
90252
90262
90281
90289
90314
90348
90390
90403
90409
90410
90417
90441
90450
90472
90478
90481
90485
90494
90498
90505
90506
90524
90525
90555
90601
90603
90618
90660
90679
90697
90720
90732
90734
90773
90774
90796
90824
90826
90833
90842
90844
90850
90856
90882
90885
90897
90911
90938
90951
90964
91050
91063
91064
91101
91108
91111
91114
91150
91155
91185
91195
91203
91205
91206
91213
91237
91244
91284
91295
91324
91329
91355
91410
91431
91449
91452
91458
91459
91477
91491
91535
91544
91583
91588
91592
91635
91642
91675
91688
91690
91696
91697
91710
91731
91767
91792
91802
91814
91827
91837
91838
91853
91856
91873
91922
91942
91977
91989
91997
92001
92004
92005
92007
92041
92056
92109
92185
92192
92205
92227
92229
92235
92238
92248
92261
92266
92290
92302
92307
92317
92323
92327
92329
92337
92340
92362
92369
92392
92405
92427
92428
92436
92440
92448
92458
92505
92507
92524
92570
92577
92584
92587
92620
92652
92676
92691
92746
92748
92782
92784
92790
92811
92850
92914
92917
92926
92935
93015
93031
93038
93070
93079
93085
93152
93163
93180
93183
93188
93198
93205
93217
93227
93234
93244
93266
93276
93277
93314
93352
93370
93382
93411
93421
93439
93449
93477
93481
93493
93501
93512
93542
93562
93563
93571
93619
93637
93650
93690
93713
93723
93739
93803
93804
93830
93852
93894
93897
93919
93928
93970
94021
94039
94046
94067
94095
94118
94130
94136
94137
94175
94190
94214
94216
94217
94240
94250
94255
94266
94297
94298
94308
94327
94347
94357
94382
94400
94417
94420
94421
94436
94447
94457
94458
94464
94472
94483
94485
94494
94499
94505
94513
94537
94542
94563
94577
94580
94581
94592
94600
94605
94665
94670
94673
94724
94732
94797
94799
94801
94805
94836
94856
94863
94867
94874
94932
94942
94949
94950
94958
94962
94963
94970
94978
94995
95059
95079
95152
95154
95187
95198
95201
95241
95267
95281
95291
95300
95309
95356
95374
95394
95402
95440
95490
95518
95521
95526
95531
95537
95545
95553
95557
95588
95596
95612
95628
95678
95690
95698
95707
95716
95756
95802
95832
95843
95866
95880
95886
95905
95930
95939
95964
95974
95981
95984
95985
95993
96012
96032
96033
96055
96058
96068
96071
96074
96091
96132
96136
96150
96153
96155
96172
96174
96181
96193
96196
96211
96215
96223
96227
96229
96272
96302
96323
96356
96371
96398
96406
96407
96415
96417
96418
96437
96438
96488
96495
96503
96507
96520
96528
96542
96551
96573
96580
96591
96598
96620
96629
96632
96639
96654
96667
96676
96708
96723
96735
96739
96747
96789
96800
96813
96819
96836
96859
96863
96870
96880
96931
96973
96983
96989
97004
97011
97033
97035
97107
97110
97156
97162
97171
97173
97202
97212
97220
97222
97256
97283
97293
97306
97308
97320
97338
97341
97349
97354
97356
97363
97366
97414
97424
97426
97427
97460
97474
97481
97509
97511
97520
97526
97573
97628
97652
97669
97683
97689
97706
97716
97754
97767
97786
97791
97822
97829
97837
97858
97877
97878
97903
97913
97914
97923
97924
97937
97959
97962
97964
97984
98007
98017
98019
98026
98027
98066
98095
98108
98111
98147
98154
98163
98190
98195
98204
98246
98254
98273
98314
98328
98357
98364
98377
98380
98400
98411
98412
98463
98478
98486
98535
98545
98549
98569
98574
98581
98597
98603
98615
98653
98696
98700
98708
98711
98725
98730
98731
98751
98757
98763
98779
98788
98806
98827
98847
98852
98858
98860
98881
98887
98904
98908
98909
98930
98931
98949
98956
98964
98966
98974
98978
99000
99018
99033
99046
99078
99107
99120
99132
99135
99139
99164
99198
99208
99211
99246
99255
99269
99318
99321
99338
99351
99370
99374
99375
99396
99426
99437
99483
99493
99569
99575
99576
99606
99613
99616
99620
99629
99652
99656
99674
99717
99736
99767
99799
99800
99854
99856
99862
99878
99885
99888
99889
99926
99935
99941
99943
99958
99964
99977
99999
100013
100019
100036
100049
100065
100070
100115
100134
100194
100218
100258
100339
100354
100381
100400
100409
100410
100412
100414
100426
100430
100431
100483
100498
100500
100563
100566
100587
100588
100614
100618
100619
100626
100631
100637
100664
100680
100701
100714
100715
100726
100749
100760
100778
100782
100790
100792
100831
100858
100862
100897
100904
100909
100923
100960
100979
100980
100987
100992
101005
101022
101035
101053
101079
101096
101098
101110
101115
101116
101126
101163
101201
101248
101253
101258
101301
101350
101363
101368
101369
101371
101373
101398
101438
101444
101485
101546
101558
101575
101589
101593
101594
101620
101621
101659
101662
101678
101683
101703
101721
101743
101753
101777
101787
101819
101824
101902
101903
101906
101911
101964
101975
101994
102009
102017
102025
102041
102056
102112
102139
102155
102170
102194
102202
102228
102242
102263
102266
102273
102310
102335
102345
102356
102363
102372
102411
102417
102455
102499
102505
102507
102511
102512
102590
102597
102602
102662
102666
102669
102677
102685
102710
102723
102750
102759
102768
102769
102781
102798
102841
102843
102851
102866
102886
102892
102913
102929
102942
102977
102986
103014
103039
103078
103079
103080
103082
103095
103106
103139
103154
103155
103163
103168
103175
103184
103201
103217
103218
103255
103279
103311
103313
103332
103355
103382
103391
103398
103464
103483
103497
103505
103506
103510
103519
103529
103539
103546
103564
103579
103633
103719
103755
103767
103794
103825
103862
103884
103894
103899
103906
103918
103954
103956
103961
103963
103983
104009
104049
104071
104079
104098
104105
104116
104125
104139
104151
104165
104170
104172
104174
104183
104200
104205
104223
104229
104241
104249
104257
104272
104276
104291
104308
104311
104328
104335
104344
104370
104400
104401
104406
104421
104429
104442
104457
104484
104550
104568
104569
104573
104576
104594
104599
104602
104614
104625
104656
104677
104685
104697
104740
104743
104746
104766
104782
104802
104813
104818
104823
104827
104829
104839
104847
104851
104865
104885
104965
104978
104990
105000
105007
105020
105031
105052
105059
105064
105068
105085
105092
105099
105103
105109
105111
105122
105136
105143
105149
105161
105193
105195
105224
105251
105272
105286
105288
105329
105341
105353
105383
105402
105439
105449
105456
105460
105466
105477
105489
105492
105497
105502
105518
105544
105556
105591
105597
105615
105627
105629
105651
105676
105679
105681
105703
105713
105760
105782
105785
105787
105794
105804
105814
105841
105857
105860
105869
105893
105927
105930
105942
105964
106017
106036
106070
106085
106090
106106
106154
106165
106208
106211
106223
106236
106251
106253
106276
106287
106290
106292
106304
106323
106328
106347
106357
106410
106511
106513
106518
106520
106589
106593
106642
106645
106660
106662
106701
106712
106739
106743
106763
106770
106777
106804
106810
106841
106859
106870
106884
106885
106888
106889
106898
106900
106902
106980
106997
107000
107052
107062
107066
107100
107108
107112
107114
107162
107207
107216
107218
107221
107248
107249
107266
107276
107294
107295
107335
107340
107345
107384
107389
107397
107403
107458
107459
107508
107510
107518
107533
107536
107537
107544
107560
107575
107595
107597
107601
107626
107641
107651
107679
107682
107702
107720
107722
107724
107727
107770
107836
107838
107844
107874
107879
107889
107930
107971
107973
107981
107996
108013
108017
108025
108035
108037
108041
108055
108060
108082
108090
108096
108099
108100
108101
108127
108144
108151
108162
108181
108189
108197
108241
108254
108260
108268
108274
108308
108318
108327
108329
108354
108360
108361
108380
108401
108426
108432
108440
108448
108451
108453
108463
108487
108503
108504
108601
108610
108619
108622
108625
108630
108641
108725
108733
108737
108759
108762
108775
108779
108789
108797
108801
108820
108825
108847
108852
108918
108920
108944
108945
108982
109004
109010
109024
109060
109075
109092
109101
109117
109125
109143
109146
109150
109155
109168
109183
109190
109192
109197
109199
109225
109241
109257
109271
109274
109291
109295
109317
109340
109346
109354
109367
109388
109405
109414
109419
109424
109453
109462
109504
109510
109526
109531
109609
109621
109639
109654
109662
109689
109715
109717
109721
109735
109768
109785
109796
109805
109829
109846
109849
109859
109900
109904
109914
109918
109933
109949
109950
109957
109978
109983
110014
110049
110077
110105
110114
110130
110142
110149
110150
110163
110183
110188
110190
110204
110215
110220
110248
110265
110278
110307
110314
110334
110335
110347
110354
110359
110365
110367
110368
110399
110437
110471
110479
110480
110544
110631
110657
110672
110674
110699
110708
110710
110739
110747
110749
110780
110786
110793
110796
110805
110811
110832
110834
110872
110904
110917
110921
110924
110928
110941
110944
110946
110962
110966
110976
110988
111000
111006
111024
111027
111033
111050
111058
111071
111072
111074
111081
111134
111135
111140
111152
111184
111187
111192
111200
111226
111326
111369
111371
111373
111412
111434
111460
111462
111466
111525
111552
111556
111564
111592
111609
111621
111630
111635
111667
111669
111684
111702
111725
111743
111747
111763
111787
111828
111829
111833
111849
111853
111866
111877
111885
111893
111952
111954
111955
111969
111982
111992
112064
112070
112075
112079
112081
112085
112099
112100
112111
112122
112148
112165
112166
112171
112175
112176
112185
112190
112191
112202
112232
112249
112257
112271
112273
112283
112287
112294
112311
112355
112364
112367
112386
112419
112431
112442
112469
112471
112477
112479
112486
112496
112520
112531
112534
112539
112549
112571
112581
112587
112626
112627
112649
112650
112685
112688
112694
112705
112719
112728
112734
112771
112777
112780
112798
112804
112807
112820
112823
112844
112847
112849
112856
112861
112867
112887
112918
112958
112961
112987
112989
112991
112994
113000
113004
113013
113031
113043
113078
113116
113155
113158
113173
113183
113213
113236
113238
113276
113314
113325
113328
113329
113331
113344
113355
113385
113411
113420
113439
113471
113473
113508
113510
113511
113529
113561
113570
113587
113593
113631
113636
113641
113651
113659
113711
113714
113760
113778
113784
113794
113820
113851
113873
113880
113885
113890
113913
113915
113916
113956
113968
114028
114051
114077
114098
114110
114127
114187
114192
114204
114205
114215
114227
114254
114259
114284
114309
114325
114326
114329
114334
114350
114361
114388
114406
114409
114439
114467
114471
114473
114480
114486
114527
114535
114541
114545
114554
114582
114597
114604
114608
114624
114634
114638
114651
114658
114679
114680
114701
114742
114744
114759
114790
114793
114820
114839
114840
114854
114878
114890
114904
114913
114945
114960
114963
114964
114968
114979
115021
115077
115080
115085
115107
115114
115126
115133
115167
115203
115208
115217
115221
115226
115227
115228
115233
115260
115300
115315
115333
115346
115350
115379
115382
115395
115407
115408
115423
115438
115499
115504
115523
115555
115560
115568
115569
115579
115584
115601
115618
115632
115711
115749
115756
115781
115787
115792
115797
115799
115830
115873
115880
115905
115912
115923
115928
115938
115947
115956
115968
115969
115971
116029
116034
116035
116043
116045
116069
116070
116088
116158
116207
116215
116220
116223
116230
116237
116245
116283
116288
116322
116330
116344
116346
116347
116351
116371
116373
116386
116394
116397
116399
116424
116425
116431
116442
116476
116478
116487
116518
116547
116566
116568
116585
116593
116601
116614
116618
116626
116633
116649
116657
116675
116688
116710
116717
116732
116781
116797
116809
116818
116852
116878
116888
116946
116970
117000
117001
117024
117069
117072
117075
117076
117083
117089
117108
117113
117130
117158
117175
117190
117193
117197
117212
117215
117226
117233
117253
117255
117270
117317
117329
117339
117345
117369
117383
117391
117394
117405
117409
117412
117436
117440
117460
117482
117496
117517
117518
117544
117547
117557
117558
117559
117571
117621
117622
117625
117654
117673
117678
117694
117724
117741
117774
117794
117796
117801
117806
117809
117813
117826
117877
117878
117898
117927
117929
117950
117987
117999
118019
118023
118031
118089
118093
118094
118120
118150
118166
118184
118205
118221
118230
118232
118253
118259
118269
118283
118313
118321
118351
118376
118413
118417
118419
118423
118432
118438
118461
118480
118486
118487
118515
118576
118578
118597
118612
118619
118622
118627
118646
118653
118658
118661
118675
118681
118706
118708
118710
118719
118730
118740
118742
118744
118747
118757
118768
118769
118778
118782
118786
118801
118835
118840
118841
118849
118850
118870
118955
118976
119011
119044
119082
119106
119124
119145
119153
119167
119169
119175
119176
119186
119198
119201
119218
119222
119230
119233
119297
119305
119309
119426
119432
119439
119440
119456
119512
119513
119536
119541
119563
119578
119583
119585
119621
119624
119643
119655
119671
119692
119706
119787
119800
119872
119918
119949
119963
119987
120011
120012
120013
120016
120023
120024
120041
120072
120083
120100
120116
120130
120131
120158
120163
120177
120178
120206
120209
120240
120286
120307
120341
120361
120372
120378
120423
120426
120448
120454
120464
120510
120518
120522
120534
120549
120558
120567
120571
120594
120597
120616
120619
120623
120686
120704
120738
120755
120760
120764
120777
120778
120822
120835
120842
120846
120878
120887
120897
120913
120917
120959
120974
121010
121107
121120
121146
121148
121162
121165
121176
121189
121219
121233
121252
121262
121263
121274
121295
121304
121331
121345
121401
121412
121423
121438
121485
121513
121536
121557
121566
121594
121618
121626
121630
121652
121653
121660
121681
121704
121733
121737
121740
121746
121768
121795
121819
121855
121856
121858
121865
121883
121897
121930
122006
122029
122077
122096
122121
122129
122134
122190
122213
122218
122221
122230
122250
122254
122290
122294
122303
122308
122311
122322
122360
122361
122405
122427
122431
122444
122511
122544
122546
122564
122569
122570
122574
122576
122604
122615
122618
122620
122621
122635
122639
122653
122660
122682
122685
122723
122728
122764
122776
122784
122805
122813
122827
122833
122836
122843
122853
122855
122863
122878
122881
122882
122890
122891
122899
122914
122915
122918
122922
122942
122949
122950
122956
122980
122983
122988
123041
123058
123079
123082
123089
123112
123131
123141
123158
123161
123172
123180
123189
123230
123256
123259
123272
123275
123282
123314
123317
123353
123373
123378
123425
123426
123445
123492
123494
123496
123542
123549
123557
123581
123587
123605
123631
123671
123688
123691
123720
123725
123762
123795
123813
123846
123894
123906
123907
123916
123923
123928
123933
123941
123953
123965
123970
123991
124007
124010
124029
124043
124045
124052
124079
124080
124118
124128
124132
124138
124141
124145
124158
124164
124165
124166
124175
124178
124232
124240
124325
124333
124343
124348
124365
124366
124384
124385
124443
124449
124491
124495
124517
124524
124526
124529
124556
124559
124578
124590
124622
124684
124712
124734
124765
124767
124770
124771
124783
124794
124795
124801
124802
124807
124837
124941
124970
124973
124987
125003
125031
125036
125064
125089
125101
125108
125177
125203
125224
125226
125232
125241
125261
125310
125358
125369
125399
125408
125409
125447
125460
125499
125537
125545
125570
125586
125603
125605
125612
125617
125659
125699
125723
125728
125729
125760
125786
125792
125826
125838
125843
125876
125942
125951
125969
125977
125983
125993
126005
126014
126019
126033
126042
126048
126086
126090
126111
126126
126130
126146
126154
126160
126169
126181
126198
126222
126230
126247
126258
126267
126277
126295
126319
126321
126328
126363
126364
126371
126374
126393
126417
126433
126451
126453
126457
126463
126480
126507
126518
126539
126571
126574
126583
126607
126635
126653
126660
126666
126687
126712
126726
126749
126774
126792
126797
126802
126821
126847
126857
126862
126866
126869
126912
126932
126959
127024
127028
127049
127051
127059
127064
127073
127100
127110
127163
127165
127191
127195
127196
127234
127247
127248
127250
127268
127276
127283
127296
127324
127331
127338
127371
127383
127398
127403
127408
127442
127460
127466
127471
127478
127506
127514
127520
127536
127540
127556
127558
127586
127623
127666
127674
127679
127680
127681
127693
127719
127736
127747
127751
127757
127762
127763
127765
127766
127787
127790
127827
127916
127917
127947
127963
127980
127986
127992
128010
128036
128040
128045
128058
128079
128082
128091
128152
128155
128159
128184
128193
128239
128268
128281
128309
128316
128330
128366
128404
128419
128434
128436
128453
128459
128467
128470
128475
128496
128526
128530
128535
128557
128589
128622
128658
128684
128699
128709
128731
128746
128749
128755
128789
128817
128833
128843
128871
128879
128905
128913
128975
129005
129044
129048
129054
129070
129072
129077
129087
129090
129098
129113
129132
129157
129159
129162
129232
129267
129270
129298
129308
129326
129342
129350
129353
129357
129364
129367
129403
129434
129446
129456
129458
129467
129520
129533
129541
129561
129575
129614
129620
129655
129722
129755
129758
129772
129784
129795
129816
129817
129849
129872
129877
129905
129937
129958
129967
129979
129988
130005
130019
130032
130039
130062
130070
130074
130081
130099
130105
130170
130190
130200
130228
130240
130254
130274
130275
130290
130303
130309
130312
130340
130355
130361
130376
130377
130388
130391
130394
130398
130426
130436
130471
130480
130496
130502
130509
130528
130542
130558
130575
130626
130650
130663
130680
130746
130757
130761
130794
130796
130801
130803
130811
130818
130840
130868
130872
130878
130886
130910
130912
130921
130922
130925
130932
130949
130967
130991
130992
130995
131017
131065
131066
131094
131100
131120
131145
131159
131182
131199
131218
131244
131258
131281
131305
131308
131333
131342
131349
131386
131413
131415
131430
131433
131448
131471
131490
131493
131505
131562
131563
131567
131570
131582
131589
131639
131640
131646
131685
131691
131695
131777
131781
131799
131823
131855
131856
131864
131880
131891
131911
131914
131932
131966
131968
132002
132006
132014
132030
132035
132051
132069
132089
132093
132117
132152
132162
132168
132209
132224
132271
132284
132311
132327
132359
132364
132371
132407
132426
132430
132433
132464
132469
132477
132489
132492
132493
132515
132560
132590
132607
132651
132699
132741
132753
132760
132767
132786
132790
132797
132832
132919
132950
132955
132962
132975
132981
132993
133004
133020
133035
133042
133084
133092
133094
133108
133110
133141
133156
133157
133171
133190
133247
133250
133264
133292
133296
133320
133328
133329
133340
133371
133386
133392
133394
133399
133414
133450
133456
133486
133488
133489
133497
133510
133528
133545
133554
133555
133573
133619
133620
133625
133649
133662
133686
133712
133720
133760
133775
133787
133795
133832
133834
133841
133868
133900
133917
133968
133970
134019
134023
134064
134129
134132
134133
134136
134158
134165
134166
134177
134182
134188
134197
134198
134201
134211
134213
134221
134224
134225
134241
134334
134335
134341
134368
134369
134382
134416
134432
134450
134479
134516
134545
134549
134557
134600
134616
134617
134620
134633
134639
134651
134674
134676
134682
134695
134698
134709
134714
134733
134737
134745
134819
134822
134831
134851
134854
134868
134888
134901
134907
134959
135003
135063
135064
135066
135131
135137
135141
135168
135170
135175
135207
135234
135246
135248
135254
135256
135263
135266
135267
135268
135269
135281
135291
135310
135378
135397
135491
135501
135523
135548
135551
135566
135578
135583
135605
135615
135625
135629
135704
135733
135751
135753
135850
135873
135886
135890
135902
135916
135946
135947
135968
136007
136013
136028
136039
136044
136046
136095
136102
136124
136130
136133
136164
136184
136209
136214
136236
136276
136302
136306
136320
136362
136388
136400
136465
136468
136475
136492
136493
136501
136505
136521
136537
136557
136563
136568
136598
136629
136631
136632
136633
136665
136666
136706
136716
136730
136749
136775
136796
136798
136807
136812
136820
136827
136874
136877
136889
136891
136899
136906
136923
136927
136928
136935
137004
137020
137022
137028
137036
137046
137048
137151
137152
137154
137171
137180
137201
137207
137218
137226
137272
137288
137301
137317
137318
137320
137331
137366
137376
137389
137419
137430
137446
137452
137471
137493
137503
137507
137508
137546
137598
137602
137623
137633
137660
137661
137691
137718
137729
137742
137746
137758
137766
137770
137810
137848
137878
137903
137929
137960
137961
137985
138012
138031
138038
138055
138080
138084
138090
138115
138151
138154
138157
138176
138184
138217
138221
138234
138268
138279
138293
138296
138339
138340
138345
138351
138354
138377
138381
138383
138399
138408
138414
138418
138419
138442
138480
138490
138501
138509
138524
138563
138587
138605
138609
138637
138662
138679
138687
138726
138736
138771
138783
138798
138800
138808
138813
138814
138870
138885
138892
138897
138899
138917
138919
138924
138933
138941
138943
138952
138975
138989
139003
139037
139066
139068
139095
139097
139118
139128
139140
139142
139164
139165
139177
139233
139239
139240
139252
139279
139296
139309
139313
139332
139341
139348
139359
139380
139424
139483
139491
139495
139496
139504
139510
139514
139559
139580
139583
139606
139622
139646
139648
139659
139662
139677
139715
139717
139725
139743
139768
139799
139818
139852
139864
139865
139923
139926
139934
139981
139984
139997
140005
140022
140040
140045
140049
140060
140066
140113
140121
140145
140147
140162
140164
140175
140177
140190
140192
140200
140235
140257
140260
140275
140297
140317
140367
140373
140398
140445
140449
140457
140462
140479
140564
140565
140582
140622
140624
140646
140678
140682
140692
140727
140733
140838
140907
140912
140924
141015
141044
141050
141069
141095
141104
141118
141135
141141
141179
141180
141194
141200
141224
141229
141244
141258
141281
141334
141382
141383
141390
141391
141412
141441
141452
141454
141510
141518
141533
141534
141627
141639
141655
141685
141696
141701
141729
141733
141745
141753
141783
141789
141822
141823
141828
141859
141870
141898
141906
141916
141923
141928
141941
141961
141970
141980
141995
142001
142029
142034
142037
142078
142087
142097
142099
142100
142116
142128
142164
142171
142172
142187
142193
142204
142211
142235
142252
142256
142279
142318
142336
142337
142346
142351
142372
142379
142401
142428
142433
142451
142485
142512
142526
142538
142560
142562
142566
142573
142599
142671
142672
142684
142689
142720
142737
142775
142785
142804
142818
142819
142842
142848
142851
142863
142865
142882
142923
142931
142952
142953
142961
142965
142996
142997
143003
143007
143023
143026
143042
143064
143070
143075
143087
143104
143125
143127
143130
143176
143200
143207
143241
143261
143287
143315
143338
143347
143349
143360
143370
143392
143396
143401
143443
143444
143446
143447
143463
143464
143476
143496
143544
143569
143584
143610
143616
143619
143622
143639
143662
143675
143678
143680
143681
143682
143708
143714
143721
143734
143768
143769
143786
143829
143832
143847
143850
143861
143864
143886
143895
143898
143922
143950
143973
143984
144038
144065
144084
144120
144163
144181
144183
144188
144242
144249
144261
144265
144278
144298
144309
144323
144326
144358
144362
144373
144407
144415
144440
144441
144443
144458
144484
144487
144503
144511
144512
144513
144523
144524
144543
144547
144572
144584
144592
144599
144629
144633
144642
144710
144722
144731
144749
144769
144793
144818
144828
144850
144863
144864
144872
144896
144902
144916
144940
144956
144961
144973
144978
144984
144985
144999
145021
145030
145033
145038
145043
145045
145114
145117
145119
145136
145175
145179
145213
145247
145260
145265
145275
145280
145297
145316
145334
145363
145396
145401
145409
145416
145417
145501
145504
145510
145535
145551
145602
145618
145629
145630
145659
145660
145670
145704
145709
145721
145745
145756
145766
145771
145778
145800
145820
145824
145827
145856
145865
145867
145874
145891
145906
145924
145925
145927
145960
145965
145977
145998
146000
146017
146019
146058
146069
146076
146078
146094
146100
146108
146129
146168
146207
146214
146230
146235
146240
146281
146315
146316
146338
146340
146341
146349
146363
146379
146383
146436
146446
146471
146472
146478
146513
146530
146551
146589
146600
146612
146618
146623
146630
146658
146691
146704
146707
146717
146718
146742
146748
146751
146780
146792
146832
146851
146870
146872
146899
146900
146903
146904
146916
146954
146960
146968
146969
146977
147001
147013
147023
147035
147042
147073
147094
147101
147108
147126
147146
147152
147153
147202
147212
147219
147252
147259
147262
147267
147276
147280
147305
147313
147344
147370
147383
147406
147407
147415
147418
147431
147443
147456
147462
147484
147487
147504
147510
147542
147571
147573
147579
147587
147601
147606
147612
147634
147683
147729
147735
147751
147761
147770
147775
147781
147784
147795
147823
147862
147874
147875
147884
147889
147899
147904
147908
147911
147930
147955
147958
147959
147985
147986
148009
148021
148023
148049
148086
148113
148139
148143
148158
148197
148205
148207
148217
148228
148241
148242
148274
148302
148328
148395
148408
148412
148417
148421
148464
148471
148478
148506
148512
148519
148523
148525
148531
148545
148566
148580
148600
148641
148657
148661
148672
148673
148676
148680
148717
148770
148785
148800
148822
148833
148855
148882
148895
148920
148926
148928
148929
148934
148957
148983
148989
149028
149036
149050
149062
149068
149070
149085
149123
149129
149147
149160
149162
149179
149200
149206
149227
149264
149282
149298
149306
149346
149370
149394
149420
149456
149465
149498
149506
149561
149570
149581
149589
149591
149617
149620
149662
149677
149683
149690
149738
149765
149805
149816
149823
149866
149896
149897
149914
149938
149962
149964
149999
150009
150018
150038
150053
150054
150067
150069
150076
150094
150138
150149
150164
150166
150167
150169
150174
150176
150205
150214
150219
150230
150249
150257
150263
150292
150299
150303
150332
150334
150339
150394
150417
150430
150441
150449
150467
150468
150474
150477
150490
150496
150513
150520
150535
150543
150564
150613
150646
150670
150676
150679
150681
150715
150720
150732
150737
150745
150788
150798
150805
150822
150831
150850
150871
150872
150900
150903
150907
150930
150933
150968
150994
151015
151017
151052
151059
151068
151075
151080
151109
151111
151116
151118
151129
151135
151136
151149
151155
151168
151194
151203
151225
151250
151258
151259
151284
151332
151360
151366
151376
151378
151400
151413
151424
151429
151442
151450
151483
151490
151503
151525
151530
151548
151552
151557
151579
151614
151621
151704
151706
151709
151717
151727
151769
151780
151796
151809
151820
151843
151856
151860
151865
151880
151884
151885
151886
151902
151921
151926
151931
151968
151974
152007
152023
152042
152054
152072
152080
152085
152092
152100
152101
152102
152109
152125
152126
152193
152279
152288
152333
152374
152380
152383
152410
152472
152502
152508
152518
152560
152563
152572
152575
152580
152588
152589
152601
152602
152612
152618
152634
152638
152674
152684
152693
152701
152736
152787
152791
152800
152814
152815
152822
152825
152826
152834
152838
152843
152899
152934
152961
152981
152984
152994
153013
153042
153053
153056
153065
153080
153114
153170
153206
153219
153244
153270
153305
153308
153311
153320
153329
153351
153356
153359
153375
153395
153398
153401
153402
153405
153414
153430
153433
153452
153478
153488
153514
153518
153541
153542
153558
153566
153580
153581
153596
153601
153603
153665
153680
153684
153697
153701
153712
153737
153757
153759
153786
153798
153804
153840
153851
153913
153915
153916
153992
154000
154128
154146
154148
154156
154175
154196
154208
154237
154249
154272
154274
154283
154288
154298
154309
154329
154351
154373
154384
154393
154407
154430
154439
154442
154450
154461
154481
154482
154495
154501
154504
154512
154520
154553
154559
154572
154584
154623
154630
154651
154698
154711
154721
154741
154758
154814
154840
154870
154889
154891
154892
154894
154896
154899
154910
154975
154976
154979
154983
155017
155064
155099
155109
155116
155143
155146
155157
155181
155203
155209
155214
155216
155221
155223
155250
155252
155269
155272
155282
155285
155337
155340
155349
155350
155365
155366
155369
155390
155456
155463
155466
155472
155507
155523
155529
155552
155617
155621
155644
155652
155656
155657
155665
155668
155686
155712
155725
155737
155756
155761
155772
155807
155815
155818
155824
155828
155842
155850
155851
155853
155867
155938
155945
155969
156002
156015
156023
156026
156051
156061
156093
156096
156097
156132
156145
156149
156158
156165
156170
156178
156186
156219
156223
156238
156240
156252
156270
156286
156287
156316
156339
156377
156382
156397
156410
156422
156435
156445
156461
156474
156475
156480
156487
156515
156517
156542
156567
156577
156579
156587
156590
156593
156602
156622
156635
156647
156648
156684
156692
156715
156760
156761
156794
156811
156826
156876
156983
157009
157021
157031
157037
157047
157057
157060
157065
157066
157074
157079
157093
157096
157112
157123
157203
157205
157214
157216
157232
157243
157244
157255
157265
157269
157279
157292
157326
157338
157341
157349
157352
157356
157358
157361
157378
157382
157393
157401
157402
157412
157427
157487
157523
157605
157660
157675
157685
157707
157712
157733
157734
157743
157781
157864
157865
157895
157902
157917
157934
157954
157966
157972
157979
157997
158054
158055
158071
158104
158126
158132
158134
158157
158159
158174
158197
158213
158223
158231
158254
158272
158284
158286
158311
158324
158332
158337
158343
158353
158378
158383
158398
158421
158440
158456
158474
158478
158484
158504
158509
158514
158519
158525
158555
158579
158581
158609
158618
158635
158655
158668
158682
158684
158706
158711
158712
158713
158721
158728
158745
158749
158792
158793
158821
158839
158846
158860
158875
158884
158889
158908
158914
158916
158944
158979
159039
159050
159051
159056
159067
159071
159078
159100
159105
159111
159115
159150
159153
159157
159177
159179
159183
159195
159198
159202
159256
159263
159265
159270
159285
159357
159358
159404
159406
159420
159459
159473
159484
159486
159528
159538
159556
159580
159583
159599
159606
159617
159618
159625
159627
159636
159647
159654
159680
159712
159718
159722
159735
159750
159789
159807
159811
159820
159823
159825
159894
159905
159928
159936
159937
159938
159943
159963
159995
159999
160010
160040
160051
160078
160087
160097
160115
160124
160127
160130
160153
160168
160241
160266
160305
160316
160325
160347
160363
160365
160373
160382
160399
160406
160425
160433
160440
160472
160477
160505
160509
160519
160580
160591
160598
160624
160642
160648
160663
160675
160679
160700
160708
160709
160746
160755
160756
160759
160805
160806
160827
160841
160893
160946
160950
160953
160963
160975
161008
161009
161071
161077
161091
161132
161152
161159
161168
161186
161191
161198
161199
161221
161234
161235
161239
161272
161291
161313
161319
161325
161327
161330
161344
161370
161378
161422
161430
161444
161448
161451
161456
161482
161491
161514
161520
161532
161541
161550
161557
161587
161629
161638
161644
161648
161660
161684
161690
161708
161728
161755
161765
161779
161785
161803
161846
161884
161891
161915
161921
161967
161969
161972
162047
162062
162065
162123
162163
162167
162172
162194
162209
162264
162288
162292
162307
162313
162332
162344
162346
162368
162397
162402
162421
162433
162435
162441
162499
162510
162522
162532
162535
162541
162547
162556
162601
162606
162623
162649
162657
162665
162675
162740