18
29
53
62
98
152
154
203
209
213
253
291
314
333
354
405
434
445
450
511
555
582
587
633
642
643
864
894
899
918
926
960
974
979
1030
1060
1085
1117
1131
1157
1166
1202
1217
1231
1254
1261
1264
1277
1292
1354
1357
1375
1381
1414
1421
1424
1472
1534
1543
1620
1664
1708
1780
1817
1885
1900
1932
1940
1964
1971
2020
2149
2164
2281
2392
2396
2407
2449
2459
2472
2483
2547
2594
2599
2657
2671
2680
2683
2744
2791
2838
3062
3072
3098
3118
3126
3142
3202
3223
3247
3351
3365
3421
3441
3488
3560
3567
3587
3621
3657
3696
3704
3705
3719
3726
3786
3836
3888
3918
4006
4050
4103
4119
4129
4161
4169
4256
4300
4323
4351
4373
4389
4394
4397
4403
4407
4411
4427
4450
4463
4468
4479
4539
4551
4558
4596
4615
4636
4642
4670
4673
4770
4824
4866
4870
4922
4937
5027
5038
5108
5208
5264
5324
5369
5412
5432
5481
5485
5511
5525
5533
5585
5655
5698
5702
5714
5750
5825
5839
5871
5878
5879
5886
5889
5907
6011
6016
6055
6090
6100
6124
6166
6186
6279
6333
6431
6454
6476
6481
6495
6562
6589
6596
6604
6616
6624
6703
6751
6753
6780
6791
6864
6885
6976
6987
6992
7049
7078
7103
7105
7106
7107
7123
7137
7149
7152
7173
7210
7252
7261
7286
7297
7298
7305
7307
7322
7332
7338
7373
7382
7393
7441
7462
7469
7528
7567
7595
7671
7710
7860
7890
7964
7967
7987
8008
8023
8091
8112
8131
8167
8237
8339
8358
8386
8401
8448
8450
8472
8505
8508
8575
8628
8689
8735
8751
8800
8892
8910
8972
9085
9098
9104
9109
9189
9251
9390
9398
9424
9452
9523
9572
9584
9598
9640
9734
9745
9765
9770
9800
9821
9832
9834
9848
9963
10026
10095
10126
10302
10431
10432
10485
10513
10562
10578
10606
10618
10655
10704
10744
10800
10802
10822
10847
10848
10857
10873
10901
10992
11040
11125
11150
11162
11184
11204
11206
11232
11253
11262
11274
11281
11342
11492
11517
11519
11532
11542
11551
11572
11598
11661
11697
11709
11714
11742
11743
11753
11764
11778
11780
11833
11835
11879
12023
12047
12050
12094
12128
12161
12222
12251
12306
12376
12379
12386
12430
12446
12463
12507
12516
12524
12535
12541
12583
12593
12602
12614
12671
12675
12701
12735
12757
12782
12795
12799
12821
12838
12877
12881
12968
13113
13118
13165
13168
13243
13252
13286
13480
13538
13614
13654
13706
13722
13725
13748
13769
13790
13796
13857
13864
13921
13937
14018
14035
14040
14103
14145
14202
14315
14328
14355
14405
14452
14463
14476
14488
14559
14610
14614
14618
14646
14687
14698
14704
14756
14796
14880
14937
15010
15018
15019
15047
15078
15084
15100
15160
15283
15312
15360
15442
15522
15543
15547
15609
15610
15627
15679
15700
15757
15791
15827
15838
15842
15887
16004
16008
16055
16080
16173
16213
16260
16296
16317
16346
16408
16439
16449
16450
16477
16526
16564
16577
16580
16581
16655
16661
16715
16719
16724
16729
16735
16750
16882
16884
16902
16956
16959
16961
16972
16988
16994
17166
17210
17243
17254
17271
17289
17300
17307
17347
17356
17406
17415
17435
17438
17510
17517
17519
17560
17577
17579
17735
17756
17764
17899
17920
18003
18014
18060
18136
18139
18237
18267
18298
18395
18409
18462
18481
18498
18524
18525
18671
18676
18750
18805
18869
18884
18891
19029
19097
19134
19163
19196
19238
19334
19336
19350
19371
19391
19422
19445
19450
19460
19587
19643
19647
19683
19686
19745
19753
19796
19797
19845
19872
19945
19995
20003
20048
20056
20064
20119
20239
20253
20286
20328
20339
20352
20365
20399
20434
20492
20504
20561
20566
20581
20584
20640
20641
20677
20695
20713
20720
20724
20803
20809
20818
20830
20863
20907
20923
21005
21034
21134
21171
21218
21234
21253
21293
21304
21394
21511
21577
21594
21596
21601
21625
21794
21802
21835
21837
21849
21851
21990
21993
22039
22047
22109
22149
22155
22237
22294
22322
22334
22343
22366
22385
22412
22423
22465
22470
22473
22478
22499
22550
22552
22557
22581
22589
22644
22691
22716
22720
22765
22779
22930
22972
22981
23068
23107
23156
23172
23229
23243
23271
23304
23324
23327
23348
23352
23426
23450
23451
23458
23515
23543
23641
23663
23753
23754
23763
23800
23816
23818
23930
23939
24119
24127
24147
24159
24200
24207
24216
24278
24298
24302
24315
24327
24339
24393
24417
24432
24490
24538
24560
24563
24582
24622
24624
24641
24658
24665
24763
24782
24815
24863
24869
24913
24945
24957
24991
25094
25097
25109
25131
25143
25145
25178
25204
25250
25288
25300
25301
25320
25411
25446
25484
25485
25492
25495
25504
25586
25641
25656
25704
25706
25712
25780
25793
25817
25839
25842
25879
25965
26054
26077
26164
26168
26203
26331
26338
26366
26407
26466
26512
26528
26563
26625
26632
26652
26698
26722
26763
26776
26782
26801
26851
26857
26872
27072
27093
27134
27215
27275
27318
27355
27409
27410
27461
27556
27562
27566
27579
27597
27627
27733
27753
27841
27905
27914
27953
27962
27985
27988
28011
28018
28089
28121
28140
28145
28168
28180
28201
28203
28219
28222
28276
28277
28283
28341
28347
28356
28417
28419
28482
28615
28701
28732
28781
28849
28890
28977
28987
29011
29052
29103
29135
29143
29160
29223
29268
29274
29283
29312
29313
29321
29348
29383
29395
29414
29510
29541
29627
29636
29657
29661
29675
29686
29696
29762
29804
29858
29873
29878
29965
29966
30034
30069
30118
30186
30231
30235
30244
30301
30354
30367
30436
30558
30609
30610
30649
30664
30739
30765
30776
30807
30861
30866
30911
30942
30954
30996
31024
31062
31075
31077
31101
31104
31196
31248
31298
31324
31332
31335
31376
31409
31454
31552
31621
31688
31781
31825
31843
31853
31895
32012
32015
32067
32080
32083
32085
32124
32178
32257
32278
32331
32367
32374
32381
32404
32407
32420
32460
32478
32519
32535
32558
32593
32597
32621
32626
32636
32680
32717
32732
32803
32811
32816
32877
32909
32958
33003
33010
33128
33305
33366
33424
33433
33506
33545
33550
33552
33597
33651
33658
33674
33830
33888
33951
33983
33996
34016
34033
34040
34053
34056
34090
34098
34119
34131
34190
34217
34237
34242
34259
34297
34346
34420
34423
34424
34459
34486
34581
34624
34727
34730
34770
34774
34781
34788
34826
34836
34839
34846
34915
34974
35065
35069
35102
35115
35166
35201
35203
35256
35262
35351
35373
35382
35419
35451
35454
35474
35505
35590
35596
35694
35726
35730
35733
35760
35797
35811
35871
35884
35906
35909
35985
35988
36004
36008
36011
36055
36075
36116
36148
36155
36157
36170
36231
36250
36273
36292
36320
36351
36362
36386
36394
36401
36451
36492
36512
36601
36602
36629
36652
36658
36670
36674
36793
36819
36852
36919
36970
36971
36980
37036
37060
37106
37119
37143
37151
37175
37346
37430
37475
37479
37512
37520
37535
37718
37774
37810
37850
37931
37954
38046
38087
38121
38136
38171
38224
38226
38234
38249
38259
38300
38315
38318
38372
38377
38428
38452
38459
38481
38489
38503
38510
38537
38545
38567
38598
38606
38629
38694
38752
38767
38885
39026
39053
39127
39151
39172
39189
39280
39289
39299
39391
39433
39452
39524
39690
39702
39735
39766
39799
39808
39811
39944
39948
40023
40065
40182
40213
40264
40285
40316
40396
40429
40431
40525
40558
40616
40686
40731
40743
40753
40783
40812
40900
40927
41017
41078
41085
41101
41130
41154
41262
41360
41391
41510
41525
41553
41646
41662
41676
41678
41711
41714
41731
41761
41769
41895
41933
41961
42038
42073
42131
42199
42229
42270
42281
42302
42310
42340
42401
42415
42437
42450
42462
42586
42589
42666
42692
42722
42736
42809
42817
42904
42917
43011
43022
43032
43068
43072
43080
43154
43186
43211
43219
43221
43232
43235
43301
43319
43399
43406
43454
43486
43496
43595
43622
43628
43646
43717
43782
43805
43809
43848
43901
43984
44091
44092
44167
44209
44261
44362
44374
44453
44469
44595
44598
44615
44626
44660
44662
44720
44725
44728
44749
44783
44792
44807
44854
44875
44949
45000
45047
45109
45115
45145
45216
45217
45238
45374
45392
45406
45432
45437
45533
45567
45601
45617
45644
45650
45717
45739
45756
45757
45766
45832
45836
45841
45951
45966
45981
45989
46013
46043
46065
46131
46202
46274
46315
46322
46372
46416
46437
46495
46564
46568
46633
46659
46713
46719
46784
46786
46815
46849
46877
46878
46880
46891
46927
46939
46971
46982
46997
47068
47177
47199
47205
47303
47305
47339
47368
47384
47434
47483
47558
47586
47639
47725
47738
47758
47763
47803
47845
47854
47865
47874
47902
47952
47970
47980
48007
48033
48062
48106
48159
48162
48171
48199
48211
48212
48229
48296
48394
48442
48452
48483
48523
48594
48642
48683
48730
48740
48750
48752
48961
48970
48973
48975
49022
49185
49204
49211
49369
49411
49430
49434
49462
49547
49587
49592
49611
49648
49680
49809
49824
49847
49908
49947
49978
49985
50006
50012
50063
50072
50080
50103
50129
50150
50195
50199
50209
50227
50228
50231
50247
50253
50260
50276
50289
50291
50380
50383
50402
50415
50494
50497
50506
50543
50545
50547
50584
50623
50629
50695
50740
50741
50780
50831
50834
50847
51009
51022
51123
51162
51186
51188
51214
51311
51313
51360
51369
51376
51381
51443
51449
51472
51519
51569
51572
51588
51590
51601
51628
51642
51680
51688
51702
51754
51769
51830
51834
51839
51941
51965
51967
51996
52019
52022
52063
52152
52161
52212
52240
52281
52307
52404
52435
52436
52496
52497
52550
52551
52561
52567
52590
52608
52652
52678
52716
52718
52720
52761
52773
52789
52796
52839
52847
52871
52905
52988
52998
53011
53084
53086
53111
53123
53148
53174
53229
53240
53254
53270
53288
53320
53323
53370
53394
53422
53457
53466
53482
53518
53548
53555
53586
53638
53661
53664
53667
53703
53738
53807
53817
53866
53893
53906
54003
54006
54046
54053
54060
54082
54108
54140
54162
54215
54218
54300
54302
54341
54411
54454
54458
54517
54536
54540
54549
54554
54605
54616
54642
54644
54645
54679
54706
54743
54786
54804
54805
54847
54854
54857
54985
55019
55023
55055
55076
55083
55105
55117
55127
55186
55308
55348
55369
55373
55398
55434
55470
55480
55497
55583
55592
55593
55603
55641
55722
55749
55760
55823
55828
55835
55853
55871
55942
55956
55957
55967
55978
55998
56119
56151
56161
56170
56303
56321
56385
56443
56484
56509
56552
56591
56661
56715
56733
56737
56768
56800
56826
56848
56889
56910
56926
57021
57233
57275
57306
57352
57412
57431
57447
57583
57651
57679
57820
57844
57848
57955
58037
58096
58253
58272
58273
58281
58285
58343
58344
58352
58396
58461
58470
58491
58547
58568
58572
58578
58586
58648
58709
58730
58799
58865
58901
58938
58973
59116
59240
59309
59361
59374
59393
59406
59424
59474
59481
59494
59569
59610
59659
59693
59711
59724
59817
59836
59891
59930
59967
59975
59978
59985
59990
60002
60058
60067
60108
60173
60182
60242
60255
60306
60359
60365
60368
60401
60415
60436
60502
60503
60513
60519
60533
60558
60568
60591
60599
60630
60637
60654
60662
60810
60815
60856
60871
60914
60968
61008
61023
61038
61058
61074
61094
61143
61185
61316
61371
61395
61400
61515
61554
61647
61649
61693
61700
61706
61785
61905
61909
61915
61919
61953
62000
62062
62169
62178
62180
62211
62231
62252
62273
62292
62382
62431
62464
62491
62512
62522
62592
62593
62636
62686
62709
62735
62763
62832
62843
62876
62879
62950
63006
63011
63028
63101
63109
63127
63228
63239
63264
63266
63353
63368
63380
63421
63489
63521
63601
63702
63735
63736
63777
63792
63809
63850
63852
63875
63885
63921
63944
64021
64028
64040
64060
64090
64099
64198
64200
64208
64233
64266
64348
64355
64362
64381
64387
64402
64415
64470
64483
64488
64505
64513
64553
64591
64600
64607
64624
64640
64645
64683
64691
64701
64719
64740
64800
64814
64822
64830
64882
64891
64897
64943
65008
65054
65083
65157
65222
65227
65257
65269
65290
65405
65477
65497
65518
65564
65590
65594
65647
65659
65667
65670
65710
65777
65799
65805
65838
65840
65855
65949
65954
65965
66083
66135
66213
66250
66295
66335
66349
66385
66388
66465
66471
66530
66601
66731
66785
66818
66839
66860
66979
67024
67040
67049
67072
67171
67201
67209
67256
67291
67399
67411
67420
67421
67497
67501
67523
67531
67541
67560
67570
67598
67623
67624
67660
67705
67713
67757
67783
67791
67892
67979
68039
68060
68078
68086
68101
68131
68168
68205
68263
68300
68329
68337
68352
68363
68402
68405
68439
68472
68499
68544
68616
68770
68778
68788
68804
68809
68811
68822
68838
68859
68860
68889
68982
69045
69093
69098
69138
69209
69235
69291
69305
69329
69363
69447
69524
69533
69534
69565
69592
69649
69736
69753
69761
69850
69933
70011
70016
70021
70025
70067
70140
70166
70178
70212
70223
70296
70329
70355
70374
70379
70433
70487
70508
70540
70614
70616
70622
70634
70647
70705
70793
70829
70883
70898
70916
70951
71009
71011
71062
71091
71121
71163
71174
71190
71235
71247
71412
71451
71454
71460
71469
71524
71577
71583
71597
71655
71734
71749
71813
71825
71831
71860
71934
72190
72207
72255
72258
72276
72285
72301
72398
72437
72550
72610
72623
72661
72721
72726
72866
72910
72937
73070
73101
73133
73184
73218
73293
73314
73331
73372
73394
73405
73437
73439
73588
73640
73684
73756
73813
73861
73874
73912
73917
73959
74011
74012
74049
74076
74103
74181
74221
74297
74325
74359
74368
74378
74393
74412
74454
74462
74511
74526
74553
74556
74582
74613
74647
74673
74702
74721
74910
74922
74942
75030
75046
75123
75270
75372
75377
75384
75449
75456
75459
75491
75498
75523
75546
75593
75619
75631
75653
75669
75743
75755
75796
75837
75875
75884
75956
75957
75961
76090
76105
76206
76249
76264
76288
76444
76460
76461
76564
76620
76622
76655
76678
76800
76805
76813
76820
76827
76834
76860
76865
76906
76950
76985
77038
77078
77100
77123
77179
77280
77283
77292
77351
77366
77372
77409
77442
77477
77519
77553
77593
77604
77644
77652
77731
77743
77753
77783
77818
77822
77836
77853
77866
77870
77944
77995
78004
78059
78061
78116
78173
78215
78236
78252
78284
78339
78341
78350
78362
78422
78434
78435
78438
78492
78495
78507
78581
78593
78617
78622
78629
78651
78662
78701
78704
78707
78728
78740
78760
78827
78836
78846
78905
78908
78939
78983
79063
79075
79103
79133
79227
79247
79283
79327
79354
79357
79418
79422
79474
79544
79582
79612
79695
79700
79703
79709
79729
79793
79828
79852
79878
79884
79904
79912
79913
79931
79942
79953
80004
80038
80064
80088
80138
80162
80165
80196
80237
80252
80329
80330
80339
80351
80369
80382
80387
80412
80433
80438
80466
80471
80473
80595
80604
80611
80612
80626
80659
80699
80723
80726
80738
80767
80769
80826
80893
80927
80930
80933
80960
80971
80979
80989
80993
81006
81034
81109
81130
81189
81214
81223
81242
81287
81322
81357
81428
81454
81470
81501
81514
81523
81533
81548
81569
81598
81621
81659
81679
81782
81800
81911
82016
82030
82072
82075
82107
82150
82192
82216
82242
82273
82277
82293
82301
82323
82325
82330
82369
82371
82389
82399
82416
82429
82479
82534
82562
82607
82678
82685
82692
82702
82741
82764
82774
82792
82798
82826
82838
82858
82878
82946
82949
82972
82980
83023
83098
83133
83137
83153
83233
83259
83293
83371
83385
83482
83502
83510
83609
83780
83813
83827
83840
83899
83907
83934
83950
84000
84005
84020
84069
84071
84104
84133
84209
84211
84214
84225
84249
84254
84314
84334
84369
84394
84437
84529
84532
84564
84655
84751
84896
84899
85024
85078
85125
85134
85186
85197
85213
85301
85360
85390
85420
85428
85521
85571
85623
85631
85660
85695
85719
85749
85782
85822
85942
85948
85968
86006
86014
86109
86254
86295
86302
86312
86315
86325
86379
86382
86409
86458
86530
86542
86566
86580
86597
86602
86700
86734
86741
86802
86806
86807
86820
86853
86879
86882
86901
86926
86959
86960
86990
87003
87026
87056
87065
87107
87184
87187
87189
87220
87233
87266
87315
87370
87373
87379
87402
87462
87567
87645
87649
87664
87731
87734
87744
87759
87771
87807
87812
87877
87915
87981
87987
88006
88150
88238
88269
88304
88328
88333
88339
88387
88496
88567
88575
88580
88582
88593
88602
88648
88672
88751
88816
88886
88978
89035
89050
89082
89096
89109
89116
89162
89173
89193
89202
89267
89277
89316
89330
89374
89420
89457
89468
89485
89499
89509
89530
89627
89670
89689
89690
89716
89736
89766
89776
89781
89783
89795
89854
89871
89885
89904
89973
89977
89991
90019
90087
90117
90125
90148
90252
90281
90289
90314
90441
90472
90478
90494
90505
90555
90618
90660
90679
90732
90774
90824
90833
90842
90844
90850
90882
90897
90911
90938
90951
91063
91101
91114
91150
91185
91195
91205
91213
91329
91355
91410
91431
91449
91452
91477
91491
91544
91583
91588
91635
91675
91696
91697
91710
91731
91767
91792
91827
91837
91853
91997
92001
92005
92041
92056
92109
92227
92235
92266
92317
92323
92329
92369
92392
92405
92427
92448
92505
92507
92570
92577
92652
92676
92691
92746
92748
92784
92790
92850
92926
93015
93031
93038
93079
93085
93152
93163
93198
93217
93234
93266
93276
93277
93352
93411
93421
93439
93449
93477
93571
93637
93650
93690
93713
93739
93830
93852
93894
93897
94046
94067
94095
94130
94136
94137
94240
94255
94297
94308
94347
94357
94382
94421
94436
94458
94472
94505
94537
94563
94577
94580
94581
94605
94665
94732
94797
94801
94856
94863
94867
94874
94950
94958
94962
94978
95079
95152
95154
95187
95198
95241
95281
95309
95356
95374
95402
95440
95490
95526
95531
95545
95588
95596
95707
95802
95843
95866
95880
95964
95974
95981
95993
96012
96068
96091
96153
96155
96172
96193
96196
96211
96223
96227
96229
96302
96356
96371
96407
96415
96417
96418
96437
96495
96503
96507
96520
96551
96598
96620
96629
96632
96639
96667
96708
96739
96819
96836
96859
96863
96931
96989
97004
97033
97107
97162
97173
97202
97212
97220
97256
97283
97308
97349
97354
97414
97424
97426
97427
97460
97481
97520
97573
97628
97669
97706
97754
97786
97791
97822
97837
97877
97878
97914
97923
97959
98017
98019
98027
98111
98147
98154
98163
98246
98273
98314
98380
98412
98463
98478
98486
98549
98569
98574
98581
98597
98700
98708
98730
98751
98763
98788
98806
98847
98852
98881
98908
98909
98930
98931
99018
99033
99046
99120
99135
99198
99246
99269
99321
99338
99370
99374
99375
99426
99493
99575
99576
99606
99620
99656
99736
99767
99799
99856
99862
99878
99885
99888
99889
99941
99958
100049
100070
100194
100218
100339
100354
100381
100410
100412
100431
100498
100500
100587
100618
100626
100631
100637
100714
100778
100782
100792
100831
100897
100909
100923
100960
100979
100980
100992
101035
101053
101079
101110
101126
101163
101248
101258
101301
101350
101368
101444
101558
101620
101659
101683
101787
101819
101902
101906
101964
101975
101994
102009
102017
102112
102139
102155
102170
102202
102228
102242
102266
102310
102356
102411
102455
102507
102666
102677
102710
102723
102759
102781
102841
102843
102851
102866
102886
103078
103080
103154
103201
103255
103332
103355
103382
103398
103505
103506
103529
103539
103546
103633
103719
103755
103794
103862
103884
103899
103906
103961
103963
104098
104105
104116
104151
104165
104170
104174
104200
104205
104241
104272
104276
104308
104328
104400
104401
104576
104594
104614
104625
104656
104685
104697
104740
104743
104766
104802
104823
104827
104851
104978
105000
105052
105099
105103
105109
105111
105149
105193
105195
105286
105288
105341
105353
105383
105460
105466
105489
105492
105497
105502
105556
105591
105597
105615
105629
105651
105676
105760
105782
105785
105794
105804
105930
105942
105964
106036
106085
106090
106106
106165
106208
106223
106236
106251
106253
106276
106287
106290
106304
106323
106328
106410
106518
106589
106593
106645
106660
106701
106712
106777
106810
106841
106859
106870
106884
106888
106889
106980
106997
107052
107062
107100
107108
107112
107249
107266
107276
107335
107403
107459
107508
107510
107518
107533
107575
107595
107601
107679
107702
107722
107724
107727
107770
107836
107844
107874
107879
107889
107930
107971
108013
108025
108037
108096
108100
108151
108268
108274
108308
108354
108360
108361
108448
108453
108487
108504
108610
108622
108630
108641
108733
108737
108762
108775
108789
108797
108801
108820
108847
108918
108982
109004
109060
109101
109117
109125
109143
109150
109155
109168
109190
109197
109199
109274
109340
109346
109354
109388
109405
109414
109419
109504
109531
109609
109621
109639
109662
109785
109796
109805
109829
109849
109859
109904
109914
109918
109933
109949
109957
109983
110014
110077
110105
110130
110163
110190
110204
110220
110265
110307
110334
110335
110347
110365
110367
110399
110471
110544
110631
110672
110708
110739
110793
110811
110834
110904
110917
110921
110928
110944
110962
110976
110988
111027
111033
111050
111058
111071
111072
111074
111140
111200
111326
111371
111373
111462
111466
111525
111552
111564
111621
111630
111635
111684
111725
111743
111747
111787
111828
111833
111866
111885
111952
111954
111969
111982
112064
112070
112075
112081
112085
112099
112100
112122
112166
112171
112185
112190
112191
112355
112364
112386
112419
112431
112469
112471
112477
112520
112531
112539
112587
112626
112627
112650
112685
112705
112719
112734
112771
112798
112820
112823
112847
112849
112856
112887
112961
112989
112994
113013
113031
113155
113158
113173
113213
113238
113314
113344
113355
113385
113411
113471
113473
113529
113587
113593
113659
113714
113760
113778
113784
113820
113851
113873
113880
113890
114051
114077
114110
114127
114187
114204
114205
114215
114254
114325
114329
114406
114409
114439
114467
114486
114545
114634
114679
114680
114701
114744
114759
114793
114840
114854
114878
114890
114904
114913
114960
114964
114968
114979
115077
115080
115203
115208
115226
115300
115346
115350
115395
115408
115423
115438
115504
115523
115555
115560
115568
115579
115601
115618
115711
115756
115787
115792
115797
115799
115830
115905
115928
115938
115968
115969
116029
116035
116043
116045
116069
116088
116158
116207
116215
116245
116288
116351
116371
116386
116397
116399
116424
116476
116478
116487
116566
116593
116601
116657
116797
116818
116878
116946
116970
117000
117001
117024
117069
117076
117089
117108
117113
117158
117175
117193
117212
117215
117233
117253
117270
117383
117391
117394
117405
117436
117440
117482
117496
117518
117544
117557
117558
117571
117622
117625
117654
117673
117678
117694
117741
117796
117809
117826
117877
117878
117898
117929
117987
117999
118023
118031
118089
118094
118150
118253
118259
118321
118417
118423
118432
118438
118461
118480
118486
118487
118597
118619
118622
118653
118661
118681
118710
118730
118742
118747
118768
118769
118786
118801
118835
118849
118850
118955
118976
119082
119106
119153
119169
119186
119198
119201
119222
119309
119426
119536
119583
119624
119671
119787
119800
119872
119918
119949
119987
120013
120016
120023
120072
120116
120130
120131
120177
120178
120209
120240
120307
120341
120361
120372
120423
120448
120464
120534
120619
120623
120686
120755
120764
120778
120835
120878
120887
120913
120959
120974
121010
121107
121120
121148
121165
121219
121262
121274
121304
121412
121423
121485
121513
121536
121557
121626
121630
121681
121733
121737
121740
121768
121795
121819
121865
121897
121930
122029
122077
122129
122190
122213
122221
122230
122250
122290
122294
122311
122322
122360
122361
122511
122544
122564
122569
122574
122576
122615
122618
122620
122639
122682
122685
122723
122784
122805
122843
122878
122881
122915
122918
122922
122942
122949
122950
122956
122983
123079
123161
123172
123180
123230
123259
123275
123314
123373
123378
123425
123492
123494
123631
123688
123795
123907
123923
123928
123941
123965
123970
124010
124029
124128
124132
124141
124145
124164
124165
124175
124178
124325
124333
124343
124365
124443
124449
124529
124578
124590
124622
124684
124770
124771
124801
124807
124837
124941
124970
125036
125203
125224
125226
125241
125261
125310
125358
125369
125399
125447
125460
125545
125603
125605
125659
125699
125723
125728
125729
125786
125826
125838
125876
125942
125969
125977
125983
125993
126014
126019
126033
126042
126048
126086
126090
126126
126146
126160
126169
126198
126222
126230
126247
126258
126277
126374
126393
126417
126433
126451
126453
126539
126571
126574
126583
126687
126774
126797
126802
126857
126862
126912
127024
127049
127073
127100
127110
127165
127196
127247
127268
127276
127324
127331
127398
127460
127466
127506
127514
127536
127540
127556
127558
127586
127666
127681
127736
127751
127762
127765
127787
127916
127986
128010
128079
128091
128155
128159
128184
128193
128239
128268
128309
128316
128330
128404
128436
128475
128526
128530
128535
128684
128699
128755
128789
128833
128879
128913
129044
129048
129072
129090
129113
129157
129270
129298
129308
129350
129364
129403
129434
129446
129458
129467
129520
129533
129541
129561
129620
129655
129784
129795
129816
129849
129877
129905
129937
129979
130032
130062
130074
130099
130105
130200
130228
130254
130290
130309
130355
130361
130376
130388
130391
130436
130471
130502
130542
130626
130680
130796
130801
130803
130811
130868
130872
130910
130922
130925
130967
130991
130992
131017
131065
131094
131145
131244
131305
131308
131333
131342
131349
131386
131415
131433
131448
131471
131490
131505
131562
131563
131567
131570
131640
131646
131685
131695
131855
131856
131880
131891
131911
131968
132002
132006
132014
132035
132051
132209
132224
132284
132364
132433
132464
132469
132477
132560
132607
132753
132767
132786
132790
132797
132832
132981
133004
133084
133094
133110
133156
133190
133247
133264
133328
133386
133392
133414
133450
133456
133489
133554
133555
133619
133620
133625
133662
133686
133760
133832
133841
133868
133917
133968
133970
134023
134132
134133
134136
134158
134188
134198
134201
134213
134224
134225
134241
134368
134416
134516
134545
134617
134620
134695
134709
134714
134733
134737
134745
134822
134868
134901
134907
134959
135003
135064
135066
135131
135137
135141
135175
135248
135256
135267
135291
135310
135397
135523
135548
135551
135583
135605
135625
135751
135753
135850
135873
135886
135890
135902
135946
135947
136007
136013
136028
136046
136095
136102
136130
136133
136184
136214
136306
136320
136362
136475
136492
136501
136537
136557
136568
136629
136633
136665
136775
136798
136812
136820
136827
136877
136889
136899
136923
136928
137022
137028
137036
137046
137151
137152
137171
137180
137218
137226
137272
137301
137317
137318
137320
137331
137376
137419
137430
137507
137508
137598
137602
137623
137633
137660
137661
137718
137766
137810
137929
137961
137985
138038
138055
138090
138115
138154
138157
138176
138217
138279
138293
138296
138340
138345
138351
138354
138408
138418
138480
138490
138524
138563
138605
138662
138679
138687
138726
138771
138783
138798
138808
138870
138892
138897
138919
138924
138941
138975
139037
139066
139095
139118
139128
139140
139142
139164
139177
139233
139239
139240
139252
139313
139348
139359
139483
139496
139504
139514
139559
139606
139646
139648
139659
139677
139717
139743
139768
139799
139818
139865
139923
139981
139984
139997
140005
140040
140045
140049
140060
140066
140113
140147
140164
140192
140235
140257
140260
140275
140297
140317
140367
140398
140457
140462
140564
140622
140624
140678
140692
140727
140733
140907
140924
141015
141095
141135
141200
141224
141244
141258
141382
141391
141412
141441
141452
141454
141510
141534
141639
141655
141696
141729
141733
141745
141783
141789
141822
141823
141859
141870
141928
141941
141980
142029
142034
142078
142097
142100
142116
142128
142164
142171
142193
142211
142252
142279
142318
142337
142372
142512
142562
142566
142573
142689
142720
142737
142775
142804
142851
142863
142882
142923
142952
142953
142996
143003
143007
143026
143070
143075
143130
143176
143207
143241
143338
143347
143349
143360
143370
143392
143396
143401
143443
143444
143446
143463
143464
143544
143569
143610
143616
143619
143622
143675
143680
143682
143714
143721
143768
143769
143786
143847
143850
143861
143864
143886
143895
143922
143950
144065
144120
144163
144183
144188
144261
144298
144309
144323
144326
144358
144373
144407
144415
144440
144441
144484
144503
144512
144523
144524
144547
144572
144592
144710
144731
144749
144769
144793
144828
144850
144863
144864
144872
144896
144902
144916
144940
144956
144973
144978
144984
144985
145114
145119
145136
145175
145179
145260
145265
145297
145316
145334
145396
145401
145501
145504
145510
145535
145629
145709
145721
145756
145820
145824
145865
145891
145924
145960
145965
145977
146058
146069
146076
146078
146094
146100
146129
146168
146207
146214
146235
146338
146340
146363
146379
146446
146478
146513
146589
146600
146623
146658
146691
146742
146751
146792
146832
146872
146899
146900
146903
146904
146954
146968
146969
146977
147023
147042
147073
147094
147108
147126
147153
147252
147259
147262
147276
147280
147313
147344
147370
147383
147407
147431
147443
147456
147484
147487
147504
147510
147542
147571
147573
147587
147601
147606
147612
147634
147683
147729
147775
147781
147784
147795
147875
147884
147889
147899
147930
147955
147958
147959
147985
147986
148023
148049
148086
148139
148143
148158
148197
148205
148207
148217
148241
148242
148274
148302
148328
148395
148412
148464
148478
148512
148519
148525
148580
148641
148673
148676
148680
148785
148800
148855
148882
148895
148920
148929
148934
148957
148983
148989
149062
149068
149085
149123
149129
149147
149160
149179
149206
149227
149298
149346
149370
149394
149456
149561
149570
149581
149589
149662
149738
149816
149866
149938
149962
149999
150009
150038
150069
150076
150164
150167
150169
150176
150205
150214
150219
150230
150249
150257
150263
150292
150299
150303
150334
150441
150449
150467
150474
150477
150490
150513
150520
150535
150564
150613
150646
150670
150715
150732
150871
150907
150933
150968
150994
151015
151052
151068
151080
151136
151149
151168
151250
151259
151332
151360
151366
151378
151400
151413
151424
151450
151483
151490
151503
151525
151548
151552
151579
151704
151717
151727
151769
151780
151796
151856
151885
151886
151921
151931
151968
152007
152023
152042
152054
152072
152080
152085
152101
152109
152125
152279
152383
152518
152560
152563
152572
152575
152580
152588
152602
152634
152638
152674
152800
152814
152815
152822
152825
152834
152899
152934
152981
152994
153013
153042
153053
153056
153065
153080
153114
153170
153206
153270
153308
153311
153320
153351
153359
153395
153401
153402
153405
153414
153430
153433
153518
153542
153566
153580
153596
153601
153603
153665
153680
153684
153701
153757
153798
153840
153851
153913
153915
154128
154196
154208
154272
154288
154298
154373
154384
154393
154439
154450
154461
154482
154495
154501
154504
154512
154520
154559
154572
154584
154623
154758
154814
154870
154891
154894
154896
154899
154910
154975
154976
155017
155109
155116
155143
155157
155181
155203
155209
155221
155250
155252
155269
155272
155282
155285
155340
155366
155369
155390
155463
155466
155529
155552
155652
155657
155712
155756
155772
155818
155828
155842
155850
155853
155867
155938
155945
156002
156023
156026
156061
156093
156132
156145
156149
156158
156178
156240
156252
156270
156287
156339
156377
156382
156410
156422
156474
156480
156567
156577
156579
156587
156590
156593
156602
156622
156761
156794
156811
156983
157009
157021
157031
157037
157047
157060
157065
157066
157074
157203
157216
157244
157265
157269
157279
157292
157338
157352
157358
157361
157382
157402
157412
157605
157660
157675
157685
157712
157734
157743
157865
157902
157966
157972
157979
157997
158055
158132
158157
158223
158254
158284
158332
158337
158343
158383
158474
158484
158504
158509
158519
158579
158609
158635
158655
158668
158682
158706
158711
158712
158713
158721
158728
158745
158821
158839
158875
158884
158914
158944
159050
159051
159067
159071
159100
159105
159111
159157
159177
159179
159195
159202
159256
159404
159420
159459
159473
159486
159538
159556
159580
159636
159647
159654
159680
159722
159735
159750
159811
159820
159823
159825
159905
159936
159937
159938
159999
160010
160078
160124
160127
160130
160266
160305
160325
160365
160399
160433
160440
160477
160505
160519
160580
160624
160663
160675
160679
160708
160746
160759
160805
160806
160950
160953
160975
161009
161071
161077
161152
161168
161191
161234
161235
161272
161291
161313
161319
161325
161330
161344
161378
161430
161444
161448
161451
161456
161482
161491
161520
161532
161541
161550
161557
161587
161629
161644
161648
161690
161728
161755
161779
161846
161884
161915
161967
161972
162047
162062
162065
162167
162172
162194
162209
162264
162288
162307
162344
162346
162421
162499
162510
162532
162541
162547
162606
162623
162657
162665
162675
162740